epoch	test_success_rate	ep_return	test_ep_return	ep_length	test_ep_length	total_timesteps	loss_pi	loss_q	time_elapsed	iteration_time
1	0.0	-1.0246	-1.05	19.46	6.0	999	-0.7066766	0.026937239	47.3764240742	0.045569047
2	0.2	-0.8026924	-0.96099997	19.73077	37.1	1999	-1.2741783	0.024991555	103.275213957	0.045906425
3	0.4	-1.0283673	-0.305	20.163265	11.5	2999	-2.4031916	0.063172504	151.896774054	0.045047745
4	0.2	-0.94745106	-0.6279999	19.27451	3.8	3999	-3.4967415	0.09753734	198.844434023	0.04556034
5	0.3	-0.8460466	-0.42699996	22.813953	3.7	4999	-4.144744	0.14612573	245.521376133	0.045426715
6	0.2	-0.8316667	-0.62799996	21.666666	3.8	5999	-4.202303	0.17318629	292.488388062	0.045773607
7	0.0	-0.749804	-1.0	19.117647	100.0	6999	-3.8930533	0.16387308	367.361011982	0.04603292
8	0.0	-0.8862222	-1.0	22.933332	100.0	7999	-3.860842	0.15108474	443.137758017	0.045838058
9	0.0	-0.96510655	-1.0	20.893618	100.0	8999	-4.190132	0.18979031	519.288444042	0.04625774
10	0.0	-1.012619	-1.0	23.666666	100.0	9999	-4.6692004	0.2787646	591.888029099	0.04523305
11	0.0	-1.00875	-1.0	63.75	100.0	10999	-5.162188	0.30619	684.38520813	0.053701196
12	0.0	-0.90699995	-1.0	90.7	100.0	11999	-5.1497326	0.29450536	767.416483164	0.053980567
13	0.0	-1.02	-1.0	93.0	100.0	12999	-5.094311	0.22624329	853.543298006	0.047990806
14	0.0	-0.99818176	-1.0	90.818184	100.0	13999	-5.1077166	0.20184988	941.311318159	0.054586437
15	0.0	-1.0346154	-1.0	80.61539	100.0	14999	-4.810203	0.1627858	1015.40208316	0.04740415
16	0.0	-0.98954546	-1.0599998	44.954544	7.0	15999	-4.2773824	0.13313118	1062.93537807	0.04500076
17	0.0	-1.04	-1.0	94.1	100.0	16999	-3.6789238	0.09248015	1133.08371997	0.04443657
18	0.0	-1.0163636	-1.03	92.63636	93.1	17999	-3.1652334	0.06231399	1203.17148805	0.046518352
19	0.0	-0.89928573	-1.0	75.92857	100.0	18999	-2.7165082	0.053351264	1277.52124405	0.047657244
20	0.0	-0.91800004	-1.0	91.8	100.0	19999	-2.5359883	0.046532705	1358.94274497	0.04842144
21	0.0	-1.0	-1.0	100.0	100.0	20999	-2.6324272	0.045741703	1443.06315398	0.05162946
22	0.0	-1.0	-1.0	100.0	100.0	21999	-2.5891068	0.04550695	1524.27307701	0.050532304
23	0.0	-0.68711865	-1.0	17.033897	100.0	22999	-2.4046566	0.047966078	1606.44928312	0.050952468
24	0.0	-1.02	-1.0	93.0	100.0	23999	-2.1950767	0.037906	1691.49306512	0.052352805
25	0.0	-0.972	-1.0	97.2	100.0	24999	-2.0982428	0.035120092	1783.05253005	0.053560324
26	0.0	-1.0	-1.0	100.0	100.0	25999	-1.9816076	0.025922257	1861.11674094	0.05182343
27	0.0	-1.115	-1.0	86.75	100.0	26999	-1.7601476	0.022148142	1929.31035495	0.043894097
28	0.0	-0.9654545	-1.0239999	87.545456	23.2	27999	-1.506645	0.018305523	1978.99474096	0.043738145
29	0.0	-1.005	-1.0	84.0	100.0	28999	-1.2975553	0.016089883	2053.10995507	0.047095444
30	0.0	-1.0914285	-1.0	73.78571	100.0	29999	-1.1595556	0.012625327	2128.09078813	0.04779189
31	0.0	-0.9791667	-1.0	81.416664	100.0	30999	-0.98614234	0.012663766	2206.11618614	0.04809831
32	0.0	-0.978	-1.0	97.8	100.0	31999	-0.86502755	0.010492839	2293.93626595	0.052352525
33	0.0	-1.0881819	-1.0	99.818184	100.0	32999	-0.7724761	0.009042439	2376.05799794	0.050871167
34	0.0	-0.92272735	-1.01	83.27273	91.1	33999	-0.6551397	0.0073840995	2457.32020998	0.050697803
35	0.0	-1.0153846	-1.0	78.69231	100.0	34999	-0.53705114	0.007196023	2543.31765008	0.051043298
36	0.4	-0.89799994	-0.491	70.13333	59.8	35999	-0.4514484	0.0066455747	2613.82149196	0.051296443
37	0.1	-0.22266665	-0.804	33.1	90.5	36999	-0.36143494	0.0076124608	2697.54182506	0.053274963
38	0.2	-0.61033326	-0.65099996	16.916666	6.1	37999	-0.27989057	0.007956182	2746.15157509	0.04681895
39	0.1	-0.71785706	-1.039	10.833333	24.9	38999	-0.20466822	0.0134571465	2800.47918797	0.047314286
40	0.2	-0.7492308	-0.74	83.0	94.2	39999	-0.16154322	0.011021108	2870.38612008	0.045513388
41	0.0	-1.0157895	-1.12	49.68421	13.0	40999	-0.14527063	0.010671177	2921.171067	0.046185937
42	0.1	-0.54625005	-0.867	25.525	96.8	41999	-0.14941418	0.01228562	2997.68148494	0.04913967
43	0.0	-0.7157895	-1.0480001	51.157894	85.0	42999	-0.16168001	0.012392041	3064.08013415	0.04501629
44	0.4	-1.0500001	-0.304	88.5	70.8	43999	-0.15028712	0.011918581	3128.32675815	0.04580742
45	0.0	-0.25093752	-1.0	29.125	100.0	44999	-0.15868169	0.0147981895	3209.21259904	0.050743494
46	0.1	-0.616	-0.884	68.73333	88.6	45999	-0.16780816	0.010968739	3284.70037603	0.05084422
47	0.0	-0.8245455	-1.0	91.63636	100.0	46999	-0.20055832	0.010989296	3361.19474816	0.04724587
48	0.0	-0.67461544	-1.0	75.38461	100.0	47999	-0.236355	0.012052751	3435.35588694	0.04751156
49	0.0	-0.4386667	-1.0	64.333336	100.0	48999	-0.28304067	0.016736219	3506.54429317	0.04635998
50	0.5	-0.6385714	-0.16600001	71.35714	67.1	49999	-0.30571157	0.012124637	3568.56840205	0.044337887
51	0.7	-0.24739128	0.356	47.04348	35.1	50999	-0.30363464	0.011138583	3626.23157716	0.046704166
52	0.0	-0.51285714	-1.0	66.0	100.0	51999	-0.2945782	0.011161613	3707.72282314	0.04959423
53	0.4	-0.80499995	-0.23599997	62.1875	4.6	52999	-0.28567597	0.011878578	3761.26323199	0.05172973
54	0.5	-0.46821424	-0.24000001	36.857143	74.5	53999	-0.28715461	0.012395871	3837.39787006	0.049756475
55	0.0	-0.83833337	-1.0	84.166664	100.0	54999	-0.29477727	0.012446855	3916.25828195	0.04947415
56	0.6	-0.36435896	0.16600004	27.0	4.4	55999	-0.35502914	0.014041284	3965.27824116	0.0473145
57	0.4	-0.28568965	-0.42599997	15.672414	83.0	56999	-0.3492242	0.015270447	4046.98499012	0.050718967
58	0.0	-0.995	-1.0	99.5	100.0	57999	-0.3481758	0.014722715	4132.98125005	0.052294638
59	0.2	-1.0	-0.765	100.0	96.7	58999	-0.3892736	0.015701732	4215.26044416	0.051680215
60	0.7	-0.34571424	0.32400003	19.410715	8.6	59999	-0.4760508	0.01776913	4270.66856599	0.052685026
61	0.0	-0.57666665	-1.0	44.095238	100.0	60999	-0.612074	0.02226722	4346.91409612	0.046922993
62	0.0	-0.987	-1.0	98.7	100.0	61999	-0.7864358	0.02142299	4427.27264595	0.050183825
63	0.0	-1.0	-1.0	100.0	100.0	62999	-0.95278764	0.020519827	4503.90208101	0.048866667
64	0.0	-1.0	-1.0	100.0	100.0	63999	-1.0577348	0.021008484	4580.30375409	0.048293795
65	0.0	-1.0	-1.0	100.0	100.0	64999	-1.0347419	0.01727528	4656.82477713	0.047130752
66	0.0	-1.0	-1.0	100.0	100.0	65999	-0.90976304	0.014692032	4725.40643406	0.044488695
67	0.0	-1.0	-1.0	100.0	100.0	66999	-0.8378583	0.02011589	4807.19147396	0.05038447
68	0.1	-0.8209091	-0.803	91.27273	90.4	67999	-0.9655107	0.028127396	4892.16707015	0.052447837
69	0.0	-0.41521737	-1.0	46.434784	100.0	68999	-1.1385498	0.030772531	4970.98750401	0.050890446
70	0.0	-0.928	-1.0	92.8	100.0	69999	-1.558142	0.04304945	5046.75326109	0.046929147
71	0.0	-1.0	-1.0	100.0	100.0	70999	-1.8445675	0.034782972	5120.50016594	0.04618838
72	0.0	-1.0	-1.0	100.0	100.0	71999	-1.746781	0.029280618	5194.34094906	0.04674169
73	0.0	-1.0	-1.0	100.0	100.0	72999	-1.5127124	0.02073718	5275.80218005	0.048015036
74	0.0	-1.0	-1.0	100.0	100.0	73999	-1.2467124	0.015340576	5352.53937197	0.04880536
75	0.0	-1.0	-1.0	100.0	100.0	74999	-0.9972684	0.014229728	5428.34084415	0.04763037
76	0.0	-1.0	-1.0	100.0	100.0	75999	-0.8276906	0.014343974	5503.70329213	0.047390312
77	0.2	-0.59692305	-0.731	83.0	93.3	76999	-0.780576	0.015263817	5576.39714313	0.047129866
78	0.2	-0.6446667	-0.66899997	65.0	87.1	77999	-0.757851	0.014780919	5652.54843807	0.049215976
79	0.0	-0.6023077	-1.0	37.846153	100.0	78999	-0.757657	0.014247394	5732.51148701	0.050400935
80	0.0	-0.962	-1.0	96.2	100.0	79999	-0.7966356	0.013746393	5809.70483899	0.04806357
81	0.0	-1.0	-1.0	100.0	100.0	80999	-0.7644651	0.011198622	5890.98149014	0.050052736
82	0.0	-1.0	-1.0	100.0	100.0	81999	-0.6628343	0.010128477	5973.17448211	0.05037818
83	0.0	-1.0	-1.0	100.0	100.0	82999	-0.52884996	0.0102740545	6052.70685816	0.04992495
84	0.0	-1.0	-1.0	100.0	100.0	83999	-0.46420583	0.010972646	6142.61607909	0.05159917
85	0.0	-1.0	-1.0	100.0	100.0	84999	-0.5281863	0.013624447	6229.56449103	0.054206967
86	0.0	-1.0	-1.0	100.0	100.0	85999	-0.5568339	0.009681667	6302.954422	0.048360396
87	0.0	-1.0	-1.0	100.0	100.0	86999	-0.519842	0.010150183	6375.05933309	0.04541545
88	0.0	-1.0	-1.0	100.0	100.0	87999	-0.5190509	0.009027295	6448.68315005	0.045996446
89	0.0	-1.0	-1.0	100.0	100.0	88999	-0.4649923	0.007696956	6523.62935996	0.04705851
90	0.0	-1.0118182	-1.0	92.181816	100.0	89999	-0.38949847	0.007948595	6596.57182598	0.045669716
91	0.0	-1.0981818	-1.257	91.818184	86.1	90999	-0.32788876	0.010607768	6666.51483798	0.04601347
92	0.2	-0.8205405	-0.81700003	28.918919	22.7	91999	-0.3090005	0.014353664	6726.99573398	0.051808298
93	0.0	-0.65157896	-1.0	50.05263	100.0	92999	-0.2808991	0.009549655	6811.00510216	0.052351058
94	0.0	-0.95500004	-1.0	95.5	100.0	93999	-0.24426694	0.008785778	6894.43524694	0.05060038
95	0.0	-1.0	-1.0	100.0	100.0	94999	-0.21776068	0.00799594	6968.39839101	0.048048705
96	0.0	-1.0	-1.0	100.0	100.0	95999	-0.192733	0.007925355	7043.79287696	0.045628794
97	0.8	0.123000026	0.432	35.1	17.8	96999	-0.17516121	0.008378375	7100.48575902	0.050168786
98	0.7	-0.09575756	0.34800005	31.666666	35.9	97999	-0.1742868	0.008165943	7165.14406013	0.052975755
99	0.5	-0.15619047	-0.062999986	44.857143	56.8	98999	-0.15440571	0.009102359	7228.60751915	0.047877103
100	0.9	-0.36068186	0.735	23.386364	7.5	99999	-0.13943118	0.0102999555	7279.61954212	0.04869994
101	0.2	-0.1723077	-0.71700007	37.192307	12.7	100999	-0.1353973	0.0103554055	7330.55992508	0.046786293
102	0.2	-0.49947366	-0.886	55.789474	39.5	101999	-0.13933495	0.010662123	7393.01003695	0.049859677
103	0.5	-0.18666665	-0.018999983	32.933334	52.4	102999	-0.14191721	0.010852533	7456.06626415	0.048753906
104	0.4	-0.07555554	-0.422	27.86111	43.0	103999	-0.13472046	0.010960418	7515.33023	0.047477577
105	0.5	-0.15078944	-0.124	26.394737	33.2	104999	-0.14454749	0.011825384	7573.93431497	0.04888681
106	0.3	-0.34803572	-0.48000002	17.875	9.0	105999	-0.19121051	0.01411964	7626.45153499	0.049392775
107	0.2	-0.49241382	-0.612	32.86207	81.4	106999	-0.25718847	0.015442324	7694.61770701	0.046469748
108	0.2	-0.29395834	-0.849	21.979166	25.9	107999	-0.3187535	0.016438514	7751.72807407	0.04888254
109	0.0	-0.4633333	-1.0	60.2	100.0	108999	-0.3669356	0.018416168	7836.03708601	0.050766435
110	0.0	-0.99799997	-1.0	99.8	100.0	109999	-0.4123011	0.016024387	7925.68933415	0.053253002
111	0.0	-1.0	-1.0	100.0	100.0	110999	-0.3812613	0.014285431	8011.36908412	0.053412013
112	0.3	-1.005	-0.42399997	84.0	13.3	111999	-0.3257561	0.014624602	8064.92068815	0.04954435
113	0.6	-0.45619047	0.16199999	50.904762	34.5	112999	-0.2688058	0.015088261	8125.35223317	0.049171492
114	0.5	-0.51629627	-0.24599996	37.555557	35.5	113999	-0.20353134	0.014146122	8181.53010702	0.046849534
115	0.3	-0.3733333	-0.565	47.61905	17.5	114999	-0.15085629	0.013669108	8234.54179001	0.047119506
116	0.5	-0.5786364	-0.45899996	45.090908	46.9	115999	-0.12173755	0.014619154	8296.245502	0.047983237
117	0.3	-0.255	-0.584	33.5	49.1	116999	-0.12870754	0.01563983	8360.55455208	0.049982537
118	0.6	-0.19615386	0.014999986	39.653847	49.2	117999	-0.12467073	0.013751396	8422.04453111	0.04778707
119	0.5	-0.5237037	-0.22200003	38.37037	52.9	118999	-0.10305558	0.014814101	8487.64087009	0.048567574
120	0.4	-0.39533332	-0.27199998	33.666668	8.2	119999	-0.08688047	0.014198137	8539.60393214	0.0490405
121	0.6	-0.2626829	0.018999994	22.317074	58.7	120999	-0.08173732	0.015278066	8607.29233003	0.05007534
122	0.1	-0.28818178	-0.81899995	47.727272	52.4	121999	-0.061625626	0.014143656	8674.18545413	0.048672777
123	0.4	-0.36423075	-0.454	13.025641	26.4	122999	-0.06902977	0.021764442	8733.652637	0.05212611
124	0.6	-0.14925927	0.073999986	34.296295	43.3	123999	-0.08479878	0.01650072	8792.15684795	0.046333984
125	0.3	-0.10999999	-0.56000006	53.842106	46.7	124999	-0.094181895	0.015632106	8854.89939809	0.049148116
126	0.6	-0.044482745	-0.17299995	36.275864	38.3	125999	-0.13701347	0.017216595	8921.23692894	0.05347611
127	0.5	0.03733336	-0.34199998	33.833332	45.1	126999	-0.16966306	0.016720422	8986.08727503	0.0501232
128	0.5	-0.427931	-0.273	33.37931	58.0	127999	-0.16486731	0.01871831	9053.46192408	0.0497798
129	0.6	0.042105272	0.012	25.605263	49.5	128999	-0.17038484	0.018218454	9115.64654398	0.048288994
130	0.5	-0.25125	-0.07499999	42.458332	48.1	129999	-0.16003583	0.017766764	9176.40706611	0.047551196
131	0.3	-0.0567647	-0.42399997	29.970589	62.8	130999	-0.14373386	0.018138602	9241.26616216	0.04722594
132	0.0	-0.76500005	-1.0	54.833332	100.0	131999	-0.16591169	0.028367173	9322.15330815	0.051032227
133	0.3	-0.11903843	-0.735	18.615385	34.5	132999	-0.2346706	0.028690208	9387.66541004	0.05279422
134	0.0	-0.6457142	-1.0	72.21429	100.0	133999	-0.22781873	0.019041559	9469.74158311	0.049547967
135	0.0	-0.7172727	-1.0	90.09091	100.0	134999	-0.19319068	0.016695809	9556.60977197	0.052112013
136	0.0	-0.96900004	-1.0	96.9	100.0	135999	-0.16591424	0.016552975	9642.14790797	0.054356385
137	0.2	-1.0	-1.032	100.0	83.8	136999	-0.14047615	0.015477696	9724.5687871	0.053297173
138	0.8	-0.59000003	0.39499998	82.30769	41.3	137999	-0.11693641	0.015250011	9791.69945312	0.053445682
139	0.5	-0.034999993	-0.09299998	45.0	30.1	138999	-0.10165487	0.0149651	9852.65852499	0.051507056
140	0.2	-0.3717647	-0.621	55.35294	82.3	139999	-0.09749594	0.015487203	9930.77200794	0.050198764
141	0.4	-0.27153844	-0.262	39.423077	36.9	140999	-0.103811495	0.016928589	9993.80450296	0.0524735
142	0.4	0.06111112	-0.21599999	55.61111	62.0	141999	-0.13918386	0.019825146	10063.809715	0.051928636
143	0.0	-0.72727275	-1.0	91.09091	100.0	142999	-0.166949	0.016962685	10146.3097701	0.051203277
144	0.0	-0.971	-1.0	97.1	100.0	143999	-0.19273596	0.016164135	10223.2326372	0.04826072
145	0.0	-1.0	-1.0	100.0	100.0	144999	-0.21395607	0.016311813	10297.504539	0.04736528
146	0.3	-0.6430769	-0.84	80.0	64.8	145999	-0.22470812	0.015984986	10366.8408182	0.049155302
147	0.3	-0.4452941	-0.64	56.882355	74.5	146999	-0.20714487	0.014194737	10440.867907	0.050197907
148	0.2	-0.04055556	-0.609	60.166668	81.1	147999	-0.16926037	0.013891537	10515.812665	0.050146997
149	0.7	-0.3	0.21700001	61.6875	49.0	148999	-0.12917739	0.014461222	10582.721957	0.05080822
150	0.4	-0.41058823	-0.33399996	59.117645	73.8	149999	-0.10370891	0.014691981	10657.7524331	0.050655197
151	0.9	0.10545454	0.75	44.636364	15.9	150999	-0.0960945	0.014680583	10713.7932072	0.050732728
152	0.5	-0.53846157	-0.02200001	77.15385	52.7	151999	-0.10099589	0.015237142	10780.0793819	0.049496856
153	0.2	0.0054166317	-0.644	41.875	84.6	152999	-0.11156423	0.014782884	10861.1421571	0.051154565
154	0.6	-0.3217647	0.040000003	56.294117	26.9	153999	-0.121603325	0.014604967	10919.019006	0.04949348
155	0.6	-0.17839998	0.164	42.64	44.2	154999	-0.134104	0.014668455	10982.1473651	0.049825437
156	0.6	-0.4533333	0.18200001	32.8	42.4	155999	-0.15102412	0.015672512	11042.0553761	0.047839988
157	0.7	-0.32153848	0.37500003	71.0	33.2	156999	-0.1657099	0.015836358	11101.088681	0.048584417
158	0.7	-0.24473682	0.315	56.57895	39.2	157999	-0.18196629	0.01563033	11165.5754921	0.051199898
159	0.5	0.35304347	-0.107999995	43.739132	61.3	158999	-0.18954462	0.014750864	11241.458566	0.055061623
160	0.6	0.111500025	0.065	49.45	54.1	159999	-0.19752392	0.014792129	11311.850184	0.0525664
161	0.6	0.24857149	0.08299999	47.285713	52.3	160999	-0.19222689	0.014595339	11378.989361	0.050544746
162	0.4	-0.44074994	-0.313	24.875	51.9	161999	-0.19446054	0.015639372	11449.8105011	0.053474557
163	0.3	-0.28117645	-0.42800003	57.941177	13.7	162999	-0.18590878	0.0155124515	11507.8181551	0.05276412
164	0.4	-0.50636363	-0.23399997	46.68182	4.4	163999	-0.19158216	0.016105212	11562.6845231	0.05303455
165	0.0	-0.20210524	-1.003	52.31579	90.4	164999	-0.20866781	0.015600151	11645.512012	0.052964523
166	0.3	-0.42000002	-0.6840001	61.1875	39.3	165999	-0.21026233	0.015490678	11712.643471	0.053668827
167	0.4	-0.24200001	-0.282	25.1	29.0	166999	-0.20479368	0.01617051	11775.2564361	0.05309473
168	0.5	-0.087727256	-0.15199998	23.363636	45.9	167999	-0.19276924	0.01685647	11839.9115331	0.050607115
169	0.7	-0.16551721	0.26	34.58621	34.8	168999	-0.18527731	0.017419422	11900.058826	0.0494966
170	0.4	-0.012903223	-0.39599997	31.258064	50.3	169999	-0.1668259	0.017809924	11963.3289711	0.04866888
171	0.4	-0.26818183	-0.281	30.666666	19.0	170999	-0.1884634	0.02007059	12021.427757	0.05118557
172	0.3	-0.5323529	-0.41599998	27.617647	71.9	171999	-0.2349606	0.020635623	12094.786633	0.05208432
173	0.1	-0.8209091	-0.804	91.27273	90.5	172999	-0.22723871	0.019398987	12168.3615921	0.047673576
174	0.3	-0.51173913	-0.48599997	47.391304	9.6	173999	-0.22622432	0.019827988	12221.3136802	0.049642295
175	0.5	-0.2385714	-0.24200003	35.392857	54.9	174999	-0.20993216	0.018975997	12289.7435582	0.051173817
176	0.5	-0.2834615	-0.15599999	36.807693	56.2	175999	-0.19668968	0.019064877	12358.5890841	0.051141694
177	0.3	-0.45666668	-0.43699998	66.13333	4.7	176999	-0.19086333	0.019568443	12410.015554	0.049403884
178	0.2	-0.37047613	-0.63799995	9.428572	4.8	177999	-0.19614571	0.020450946	12469.8429291	0.057792146
179	0.3	-0.34575754	-0.412	32.303032	71.5	178999	-0.18889832	0.01932783	12544.9161611	0.05388698
180	0.1	-0.21559997	-0.883	38.2	9.3	179999	-0.19640921	0.020077446	12597.3339531	0.04925321
181	0.3	-0.42578948	-0.433	27.631578	14.2	180999	-0.20828284	0.019962613	12651.192374	0.04961181
182	0.2	-0.33970585	-0.638	28.852942	64.2	181999	-0.21107715	0.020291084	12720.0035291	0.04992064
183	0.3	-0.35119998	-0.458	39.72	76.1	182999	-0.21739301	0.021314124	12792.909133	0.04933591
184	0.7	-0.08899999	0.272	49.5	33.6	183999	-0.21876624	0.022673558	12849.6583691	0.04727877
185	0.6	-0.060526308	0.149	54.210526	16.0	184999	-0.22702317	0.027919307	12900.578434	0.045920305
186	0.0	-0.22023252	-1.0	22.860466	100.0	185999	-0.27046096	0.029126441	12985.188247	0.053064905
187	0.0	-0.928	-1.0	92.8	100.0	186999	-0.27213806	0.025688678	13072.2277691	0.053504348
188	0.0	-1.0	-1.0	100.0	100.0	187999	-0.3044357	0.02625836	13154.677716	0.05036263
189	0.3	-0.9200001	-0.42600003	49.857143	72.9	188999	-0.35534957	0.027095916	13234.449342	0.052951865
190	0.0	-0.8041666	-1.0	80.583336	100.0	189999	-0.3728579	0.024090337	13318.374686	0.052294623
191	0.0	-0.81545466	-1.0	90.72727	100.0	190999	-0.3561132	0.024093434	13402.0592442	0.051696192
192	0.3	-0.5001493	-0.417	15.119403	62.1	191999	-0.33580837	0.024917495	13474.272887	0.052138574
193	0.7	0.053181812	0.356	45.272728	35.1	192999	-0.31715894	0.027464392	13534.8463631	0.049990363
194	0.6	-0.18777777	0.17500001	58.166668	43.1	193999	-0.31580657	0.029188821	13595.5170281	0.048085164
195	0.2	-0.5625	-0.607	81.5	80.9	194999	-0.3077801	0.027836345	13667.5352211	0.048051566
196	0.4	-0.6333333	-0.234	80.166664	63.8	195999	-0.30559272	0.027403016	13735.8111911	0.049833722
197	0.3	-0.70250005	-0.409	87.083336	71.2	196999	-0.30550978	0.026857339	13808.3616099	0.050084967
198	0.4	-0.4133871	-0.24799995	16.435484	5.8	197999	-0.31211287	0.026659911	13863.3330171	0.052769165
199	0.4	-0.010512805	-0.23599997	24.923077	4.6	198999	-0.30373058	0.024434777	13917.516391	0.052377477
200	0.1	-0.2626119	-0.8389999	7.8432837	4.9	199999	-0.32458854	0.025823303	13974.3023059	0.054752816
201	0.4	-0.41937494	-0.22899997	30.1875	23.7	200999	-0.34311768	0.02735181	14034.3136601	0.05236839
202	0.0	-0.25999996	-1.0	17.648148	100.0	201999	-0.3811843	0.02697538	14119.4815609	0.05173164
203	0.0	-0.98600006	-1.0	98.6	100.0	202999	-0.43774602	0.026234318	14200.9335511	0.052242365
204	0.0	-1.0	-1.0	100.0	100.0	203999	-0.4491484	0.024913834	14279.4640031	0.049165152
205	0.0	-1.0	-1.0	100.0	100.0	204999	-0.42820898	0.022991702	14358.0462341	0.049015906
206	0.0	-1.0	-1.0	100.0	100.0	205999	-0.38635254	0.022161568	14434.295593	0.04748939
207	0.1	-0.53000003	-0.932	33.8	14.2	206999	-0.33814833	0.021608867	14486.2059751	0.047768075
208	0.3	-0.2962222	-0.43699998	23.822222	4.7	207999	-0.29277644	0.021584993	14538.12112	0.050103653
209	0.5	-0.40124995	-0.028999995	31.53125	53.4	208999	-0.25567952	0.02068881	14603.8170781	0.050643668
210	0.0	-0.44941172	-1.088	57.294117	98.9	209999	-0.2209888	0.022242002	14683.5089331	0.0491015
211	0.4	-0.67266667	-0.50899994	67.666664	31.9	210999	-0.19550365	0.020620137	14744.1794891	0.05084253
212	0.0	-0.57352936	-1.0	58.058823	100.0	211999	-0.17975323	0.021335049	14822.0100679	0.047983117
213	0.4	-0.57374996	-0.21199998	64.0625	61.6	212999	-0.17533274	0.022219483	14887.042459	0.0473403
214	0.3	0.013043507	-0.409	42.782608	71.2	213999	-0.22467862	0.024261378	14957.868413	0.049350206
215	0.1	-0.4759091	-0.98999995	43.636364	79.4	214999	-0.31109565	0.024096915	15035.3959332	0.05048722
216	0.0	-0.8391667	-1.0	84.083336	100.0	215999	-0.3418069	0.02157531	15119.42995	0.05121181
217	0.0	-0.95100003	-1.0	95.1	100.0	216999	-0.3286308	0.02018218	15206.746562	0.053745802
218	0.5	-0.49285716	-0.20199999	78.14286	70.7	217999	-0.29737836	0.01963894	15283.4929152	0.05374584
219	0.5	-0.47611108	-0.030999994	53.77778	53.6	218999	-0.2632565	0.018844604	15353.5933871	0.05200469
220	0.6	-0.2906667	-0.023000002	62.866665	53.0	219999	-0.23497038	0.018787723	15422.8891439	0.052959032
221	0.5	-0.14000002	-0.10199998	67.86667	50.8	220999	-0.22136615	0.018995736	15487.3475211	0.049311016
222	0.3	-0.023599988	-0.409	43.0	71.2	221999	-0.21803673	0.019215878	15558.525156	0.049566388
223	0.3	-0.47	-0.409	68.78571	71.2	222999	-0.20651956	0.018412618	15630.6650441	0.050471783
224	0.8	0.21291667	0.46999997	41.833332	33.8	223999	-0.19743522	0.018161507	15691.039537	0.049507506
225	0.3	-0.168	-0.47899994	63.933334	78.2	224999	-0.19429672	0.018345624	15763.826452	0.04898404
226	0.6	-0.344375	0.14000002	66.125	46.6	225999	-0.19059017	0.017849583	15829.6041741	0.05023034
227	0.2	-0.0947619	-0.607	48.238094	80.9	226999	-0.18034306	0.018318439	15905.329967	0.051291186
228	0.3	-0.46266666	-0.528	66.73333	43.5	227999	-0.16684172	0.018902369	15968.4147081	0.049296435
229	0.6	0.037500005	0.12699997	38.583332	47.9	228999	-0.16257708	0.018925363	16033.1027341	0.049923524
230	0.6	0.0691892	0.16600004	29.0	4.4	229999	-0.15641142	0.018936872	16086.724324	0.051804632
231	0.3	-0.17499998	-0.6840001	30.875	39.3	230999	-0.15731908	0.018987335	16149.150342	0.050194535
232	0.8	-0.09216214	0.50600004	26.297297	10.4	231999	-0.16737093	0.01977445	16205.8368452	0.05298455
233	0.3	-0.25866663	-0.561	33.333332	17.1	232999	-0.16363174	0.019337006	16264.6260681	0.05288517
234	0.5	-0.5193939	-0.20300002	31.60606	21.3	233999	-0.1458178	0.01889165	16324.4491792	0.052643947
235	0.8	-0.18266664	0.544	32.466667	16.5	234999	-0.1253218	0.018935677	16382.2993071	0.05205883
236	0.2	-0.464375	-0.615	59.4375	81.7	235999	-0.10747598	0.01898241	16459.6720312	0.050579816
237	0.4	-0.2835294	-0.21399999	58.294117	61.8	236999	-0.09625698	0.020368073	16532.896507	0.052738257
238	0.3	-0.985	-0.466	98.5	76.9	237999	-0.09870423	0.021504205	16612.3374031	0.05360359
239	0.3	0.02238096	-0.477	50.666668	78.0	238999	-0.105559126	0.021434678	16693.6120141	0.053307265
240	0.3	-0.1496825	-0.67399997	15.920635	58.1	239999	-0.13577783	0.021183036	16765.8105731	0.0541429
241	0.3	-0.13666666	-0.42899996	39.416668	73.2	240999	-0.16524439	0.02017495	16842.9808211	0.052330576
242	0.0	-0.6715385	-1.0	82.84615	100.0	241999	-0.163638	0.019871678	16925.3252161	0.049779344
243	0.3	-0.091764696	-0.507	56.82353	11.7	242999	-0.14638174	0.019235956	16976.6054001	0.04775659
244	0.4	-0.8080769	-0.22499998	39.46154	33.2	243999	-0.14672089	0.01990581	17037.4873271	0.050138958
245	0.5	-0.42210528	-0.05999999	53.36842	36.7	244999	-0.17272143	0.019129483	17099.391145	0.05091017
246	0.5	-0.021666652	-0.017999982	40.375	52.3	245999	-0.19110657	0.020177871	17165.179121	0.049609218
247	0.4	0.022608705	-0.269	41.913044	67.3	246999	-0.20154548	0.019890001	17235.868526	0.04960649
248	0.6	-0.338	0.11500001	42.44	29.3	247999	-0.20293088	0.019910801	17294.5458372	0.04916264
249	0.4	-0.34076917	-0.32599998	38.73077	23.5	248999	-0.19652563	0.020119336	17352.3419211	0.050499864
250	0.6	-0.0833333	-0.051999986	35.037037	26.2	249999	-0.19051395	0.02136582	17411.251673	0.050401323
251	0.8	-0.26649994	0.5660001	52.3	24.2	250999	-0.19207443	0.021065662	17468.950171	0.049928773
252	0.6	0.03318183	0.17600003	42.772728	43.0	251999	-0.19597219	0.02178741	17533.376019	0.050672065
253	0.6	0.2214286	0.17500001	35.714287	43.1	252999	-0.19638059	0.021804018	17596.5277841	0.05064117
254	0.2	-0.47375	-0.60599995	66.5625	80.8	253999	-0.18392056	0.02066632	17671.484848	0.048213203
255	0.6	-0.20249999	0.123	58.125	48.3	254999	-0.1755236	0.020268567	17738.5115201	0.051096108
256	0.5	-0.42588234	-0.050999988	60.64706	55.6	255999	-0.17224933	0.020656949	17810.2623181	0.052545562
257	0.4	0.026315803	-0.21699998	50.63158	62.1	256999	-0.17521141	0.02039718	17885.002383	0.052874625
258	0.3	-0.15999994	-0.41399994	48.409092	61.8	257999	-0.175547	0.021312844	17959.0789561	0.05251539
259	0.3	0.037777796	-0.44000006	52.444443	64.4	258999	-0.18628818	0.021425646	18036.6097651	0.05396454
260	0.7	-0.37473685	0.36700004	53.842106	34.0	259999	-0.1860682	0.02065668	18103.5301871	0.0548711
261	0.7	-0.5566666	0.303	69.4	40.4	260999	-0.19089817	0.022096047	18169.8035331	0.052917678
262	0.4	-0.5233333	-0.31899998	77.583336	72.3	261999	-0.20587634	0.0226937	18243.6173351	0.050688732
263	0.3	-0.30409086	-0.431	24.431818	4.1	262999	-0.2247874	0.023463245	18296.339179	0.05112382
264	0.1	-0.25185183	-0.80799997	37.0	81.0	263999	-0.22656712	0.021121616	18367.5931439	0.04869826
265	0.3	0.10555558	-0.476	34.62963	77.9	264999	-0.21332058	0.019679982	18437.5652289	0.048324097
266	0.7	-0.09956521	0.249	45.434784	35.9	265999	-0.2047024	0.019937506	18496.0285041	0.047783624
267	0.6	0.04000002	-0.11499999	42.625	32.5	266999	-0.19530913	0.021410583	18553.6140749	0.047811043
268	0.8	-0.024166664	0.264	40.791668	44.5	267999	-0.18817383	0.021195605	18616.229353	0.04896859
269	0.6	-0.333125	0.095	58.9375	51.1	268999	-0.18019901	0.020773659	18681.629195	0.04996998
270	0.6	0.11434785	0.120000005	45.739132	48.6	269999	-0.1815215	0.020236721	18747.9303951	0.050617754
271	0.4	-0.40142855	-0.21199998	69.0	61.6	270999	-0.17943996	0.01910498	18820.2363482	0.051887188
272	0.3	0.05400002	-0.409	50.15	71.2	271999	-0.18203464	0.019680401	18896.1688271	0.052353065
273	0.3	-0.1652941	-0.409	58.117645	71.2	272999	-0.18143655	0.018974785	18971.5752912	0.05315651
274	0.4	-0.79636365	-0.21499999	88.818184	61.9	273999	-0.1818358	0.01936712	19041.7002351	0.050229974
275	0.4	-0.08619047	-0.35200006	52.0	26.1	274999	-0.1816525	0.019970885	19102.281395	0.051756974
276	0.9	0.21525002	0.54499996	24.325	36.4	275999	-0.18804379	0.021817874	19167.3974321	0.05272025
277	0.1	0.017647056	-0.803	57.64706	90.4	276999	-0.20244697	0.022540674	19248.590898	0.049613412
278	0.4	-0.65833336	-0.259	82.666664	26.7	277999	-0.23153727	0.023998763	19310.338171	0.05245028
279	1.0	-0.03343749	0.65800005	32.25	35.2	278999	-0.26652598	0.024806518	19373.866447	0.05285231
280	0.9	0.18035711	0.46400005	36.42857	44.5	279999	-0.3008297	0.023891147	19438.5196559	0.050654817
281	0.5	0.054166675	-0.109000005	41.208332	61.4	280999	-0.32272163	0.024197979	19509.6439271	0.051346496
282	0.3	-0.31466663	-0.40999994	65.13333	71.3	281999	-0.30914545	0.024129942	19582.837795	0.050905347
283	0.5	-0.21458332	-0.014999986	42.916668	52.0	282999	-0.2789293	0.023755128	19650.843152	0.051370718
284	0.1	-0.109999985	-0.812	55.88889	61.6	283999	-0.2582204	0.023386525	19721.9078841	0.051698104
285	0.4	-0.17380951	-0.433	46.52381	34.2	284999	-0.24667288	0.02363129	19785.1883771	0.05133918
286	0.4	0.04210528	-0.3	49.05263	70.4	285999	-0.23721825	0.022396576	19860.9163721	0.051509757
287	0.3	-0.2905	-0.41	54.6	71.3	286999	-0.22922449	0.020912057	19935.3055131	0.050608438
288	0.4	-0.19399998	-0.29599994	50.0	60.1	287999	-0.20922616	0.02035128	20004.9906189	0.049556687
289	0.6	0.05960001	0.04499998	38.72	36.3	288999	-0.18868186	0.021786315	20068.8496261	0.05195105
290	0.3	-0.3642105	-0.514	52.789474	12.4	289999	-0.17378725	0.021980675	20124.5150762	0.051256225
291	0.5	-0.34470585	-0.047999997	58.47059	45.4	290999	-0.15669714	0.020581257	20191.1455641	0.05160096
292	0.4	0.22800003	-0.21199998	37.88	61.6	291999	-0.14901432	0.021563213	20263.2744629	0.051745124
293	0.5	-0.10157892	-0.17499998	52.789474	68.0	292999	-0.1471183	0.022356398	20336.1693151	0.05185679
294	0.3	-0.25076923	-0.44900003	79.46154	75.2	293999	-0.16691618	0.021883087	20412.5919421	0.049962167
295	0.4	-0.5315384	-0.24000001	76.46154	64.4	294999	-0.16478308	0.019848026	20487.2260962	0.05388512
296	0.2	-0.33	-0.617	66.666664	81.9	295999	-0.14757577	0.018492088	20573.5685041	0.055747885
297	0.4	-0.52384615	-0.24099998	75.69231	64.5	296999	-0.12912606	0.019682096	20651.9952722	0.055517603
298	0.8	0.096551724	0.37200004	35.96552	33.7	297999	-0.11107957	0.019803997	20716.718555	0.053600147
299	0.5	-0.14380953	-0.055999994	48.333332	56.1	298999	-0.09688093	0.01986175	20786.7905769	0.052569542
300	0.6	-0.074	-0.008999991	48.0	31.8	299999	-0.100266196	0.020703757	20850.1385691	0.05233953
301	0.3	-0.14764707	-0.66999996	56.47059	67.6	300999	-0.11058973	0.020076787	20921.48351	0.050884075
302	0.1	-0.058999978	-0.84400004	51.55	94.5	301999	-0.12131941	0.019918708	21000.153657	0.050383255
303	0.6	-0.4661538	0.06600001	77.69231	54.0	302999	-0.14389329	0.021823166	21066.0991461	0.049185224
304	0.4	-0.40642858	-0.21299998	69.5	61.7	303999	-0.17038484	0.020759774	21136.4188712	0.050931405
305	0.4	-0.17789473	-0.21199998	55.105263	61.6	304999	-0.18996805	0.019993622	21212.04792	0.053225283
306	0.5	0.1018182	-0.014999986	44.909092	52.0	305999	-0.19787076	0.018740337	21282.1535921	0.05107913
307	0.3	-0.24399999	-0.409	64.8	71.2	306999	-0.19396196	0.018633777	21360.4427481	0.053382605
308	0.4	-0.17588234	-0.21700001	59.17647	62.1	307999	-0.1860834	0.018715495	21432.3895571	0.053408053
309	0.5	-0.4392857	-0.014999986	72.78571	52.0	308999	-0.173003	0.018655494	21502.1782591	0.05184037
310	0.7	0.04476192	0.379	48.42857	32.8	309999	-0.15592176	0.018291503	21565.85817	0.0525655
311	0.7	0.41935486	0.18800001	33.0	32.1	310999	-0.1364693	0.019082615	21627.766047	0.05110507
312	0.8	0.21733335	0.42800003	32.4	38.0	311999	-0.13180201	0.019597502	21691.312392	0.050198488
313	0.3	-0.0019230957	-0.45499998	39.346153	46.1	312999	-0.13323255	0.019978428	21759.5641451	0.053487156
314	0.4	0.015454552	-0.21599999	44.545456	62.0	313999	-0.14447403	0.021065915	21833.5344701	0.051768348
315	0.5	-0.19941175	-0.022999978	55.705883	52.8	314999	-0.16617948	0.02319121	21906.55213	0.053859916
316	0.4	0.004000002	-0.21399999	50.2	61.8	315999	-0.19698076	0.024134673	21977.5683742	0.051535074
317	0.3	-0.10055556	-0.41800004	55.055557	62.2	316999	-0.24780145	0.025876673	22046.8992021	0.050270785
318	0.4	0.03739132	-0.21199998	44.739132	61.6	317999	-0.3114106	0.026786039	22120.724386	0.052018426
319	0.3	-0.62703705	-0.41099995	37.48148	71.4	318999	-0.38417423	0.027821302	22200.8003621	0.05389655
320	0.4	-0.59999996	-0.21199998	67.0	61.6	319999	-0.44443077	0.027912281	22273.249651	0.052559625
321	0.4	-0.4107143	-0.25	69.92857	65.4	320999	-0.49473247	0.028147614	22347.3099461	0.051583946
322	0.2	-0.2388889	-0.609	57.666668	81.1	321999	-0.5234877	0.029742885	22427.2817781	0.053670563
323	0.4	-0.38937497	-0.21799998	64.3125	62.2	322999	-0.557129	0.030691661	22500.2464831	0.052121934
324	0.5	-0.4407143	-0.031999998	65.85714	53.7	323999	-0.59918517	0.029039737	22570.0583041	0.051989716
325	0.1	-0.05739129	-0.803	45.52174	90.4	324999	-0.63341665	0.029142288	22652.4398789	0.052568432
326	0.2	-0.08777776	-0.60599995	53.666668	80.8	325999	-0.6869269	0.031461865	22727.2698882	0.05074571
327	0.1	-0.35125	-0.824	60.625	23.2	326999	-0.7640798	0.031764846	22784.732775	0.050665043
328	0.1	-0.23954543	-0.824	47.272728	23.2	327999	-0.81145376	0.029741347	22842.722995	0.050172076
329	0.1	-0.76214284	-0.80200005	69.42857	90.3	328999	-0.81299216	0.026820503	22929.1084111	0.05397937
330	0.1	-0.71642864	-0.844	71.92857	94.5	329999	-0.7867333	0.024162665	23008.3780911	0.051265765
331	0.1	-0.6118182	-0.827	88.90909	92.8	330999	-0.72555894	0.022851033	23088.383208	0.05037612
332	0.0	-0.47615385	-1.0	78.69231	100.0	331999	-0.6433283	0.02190621	23175.559669	0.052130852
333	0.3	-0.97700006	-0.55700004	97.7	86.0	332999	-0.57630527	0.020818645	23256.079783	0.051818904
334	0.0	-0.75636363	-1.0	94.0	100.0	333999	-0.52312607	0.01876839	23342.5866652	0.051686373
335	0.0	-0.9925	-1.0	82.75	100.0	334999	-0.4830094	0.017987793	23429.04129	0.052300796
336	0.1	-0.62153846	-0.81000006	77.84615	91.1	335999	-0.4461035	0.017675698	23509.409842	0.052112196
337	0.0	-0.8869231	-1.0	81.23077	100.0	336999	-0.3961244	0.017768051	23594.04441	0.05186333
338	0.6	-0.65562505	-0.146	59.75	35.6	337999	-0.33985192	0.017332664	23657.1518991	0.05056459
339	0.3	-0.5052174	-0.425	42.608696	13.4	338999	-0.2752198	0.01791604	23714.511672	0.05269705
340	0.4	-0.25936168	-0.45700008	22.531916	66.3	339999	-0.2304003	0.01825788	23789.4168231	0.052152466
341	0.6	0.0077777836	0.17400002	36.925926	43.2	340999	-0.20309076	0.0186692	23855.432888	0.052028794
342	0.3	-0.2728	-0.41099995	39.88	71.4	341999	-0.1786761	0.018685421	23926.7216341	0.050577447
343	0.2	-0.25888884	-0.62999994	15.68254	4.0	342999	-0.17869891	0.018099643	23979.0898449	0.050722197
344	0.8	-0.5771429	0.571	27.057142	13.8	343999	-0.18104422	0.018806992	24033.780884	0.049833
345	0.4	-0.108181804	-0.21199998	47.727272	61.6	344999	-0.16566229	0.019121937	24102.6241109	0.049960595
346	0.1	-0.039199993	-0.803	40.52	90.4	345999	-0.14828433	0.018200666	24180.9658852	0.049388293
347	0.6	-0.2733333	0.16600004	35.48148	4.4	346999	-0.1237756	0.01859669	24233.4168382	0.050662786
348	0.7	0.23914288	0.293	28.314285	31.5	347999	-0.102626525	0.018877903	24294.931211	0.051266897
349	0.6	0.025714291	0.11500003	20.836735	19.4	348999	-0.08912178	0.020726966	24354.15062	0.05276682
350	0.5	-0.11272726	-0.176	23.568182	28.5	349999	-0.07942702	0.020066643	24416.491636	0.052693162
351	0.3	0.011666661	-0.70299995	32.966667	31.3	350999	-0.08519312	0.022942033	24479.5679212	0.05264403
352	0.2	-0.13714285	-0.608	47.666668	81.0	351999	-0.09431971	0.022134574	24555.122699	0.05127175
353	0.6	-0.009999981	0.17000003	37.68	33.7	352999	-0.10589071	0.02109849	24615.0929291	0.049420446
354	0.3	0.1057576	-0.41	32.575756	71.3	353999	-0.11659242	0.02093849	24692.4081051	0.051084157
355	0.5	-0.29968747	-0.022999983	30.71875	52.8	354999	-0.1270186	0.020820003	24765.6893671	0.052955847
356	0.5	-0.1923077	-0.04699998	39.192307	55.2	355999	-0.12642658	0.02141485	24835.9598901	0.052045282
357	0.7	0.11727274	0.374	28.484848	33.3	356999	-0.12242181	0.02101457	24897.5577781	0.0503917
358	0.4	-0.5378571	-0.304	75.57143	70.8	357999	-0.12486556	0.021884263	24972.093935	0.051371526
359	0.3	0.08680001	-0.40999994	39.96	71.3	358999	-0.12501214	0.020948468	25048.5704491	0.05075547
360	0.5	-0.27058822	-0.016999984	57.0	52.2	359999	-0.120211616	0.02035223	25116.009295	0.051614262
361	0.7	0.043684233	0.35500002	54.105263	35.2	360999	-0.11783908	0.021049306	25176.7225211	0.04988591
362	0.4	0.07800001	-0.21199998	47.75	61.6	361999	-0.13049714	0.021999614	25246.2932651	0.0503444
363	0.8	-0.18470585	0.51500005	60.058823	29.3	362999	-0.14891452	0.021899857	25305.3653541	0.049359053
364	0.5	0.35962963	-0.18399999	35.185184	59.0	363999	-0.16047314	0.022265416	25375.3689661	0.051856797
365	0.4	0.12535717	-0.22999999	38.17857	53.5	364999	-0.16909637	0.021122046	25443.308358	0.051301602
366	0.5	0.003076918	-0.25499997	38.846153	36.4	365999	-0.17743488	0.021263849	25506.434319	0.05142286
367	0.4	0.06272728	-0.22099999	44.409092	62.5	366999	-0.18676978	0.021109458	25580.1277452	0.052170925
368	0.8	-0.10052631	0.528	52.68421	18.1	367999	-0.19133969	0.02152076	25636.5631959	0.05064637
369	0.4	0.27576926	-0.24699998	38.53846	65.1	368999	-0.18931732	0.020864654	25707.6096041	0.049924944
370	0.6	0.25375003	0.15100001	41.958332	25.7	369999	-0.19006048	0.022174008	25767.4033291	0.05105426
371	0.6	0.114074096	0.13500004	37.444443	27.3	370999	-0.1979173	0.022921387	25829.1870461	0.051928405
372	0.5	0.39861116	-0.03499999	27.583334	44.1	371999	-0.21064389	0.022539154	25897.1989081	0.05317731
373	0.5	0.22593752	-0.09200001	31.25	10.2	372999	-0.22637694	0.02297396	25955.5575781	0.054177698
374	0.3	-0.21266666	-0.41	61.666668	71.3	373999	-0.23722926	0.021936223	26035.6609571	0.05407971
375	0.6	0.17857143	0.148	36.392857	45.8	374999	-0.23653238	0.019973472	26106.567946	0.054486495
376	0.2	0.12038464	-0.60599995	38.615383	80.8	375999	-0.21245502	0.02012332	26195.1162469	0.05608572
377	0.5	0.14909092	-0.014999986	44.772728	52.0	376999	-0.17860383	0.020146625	26272.153419	0.05736908
378	0.5	-0.0645	-0.038999997	52.0	54.4	377999	-0.1461301	0.020790989	26343.29141	0.053420115
379	0.6	0.11954547	0.16600001	43.227272	34.1	378999	-0.13275068	0.021617496	26402.546787	0.048809074
380	0.6	0.18586205	0.15500002	37.344826	45.1	379999	-0.1337662	0.0219408	26468.413975	0.05213851
381	0.6	0.08920002	0.10400002	39.72	50.2	380999	-0.13014373	0.021443816	26532.3170581	0.048971947
382	0.3	0.018947376	-0.41	51.263157	71.3	381999	-0.13441025	0.021456253	26600.898391	0.04764948
383	0.5	-0.394	-0.07699998	66.6	48.3	382999	-0.14304875	0.022386337	26664.0898101	0.048505224
384	0.7	-0.340909	0.183	44.0	32.6	383999	-0.14545852	0.021310367	26722.753685	0.048734546
385	0.2	-0.056521736	-0.70500004	45.434784	61.0	384999	-0.14162973	0.019920906	26789.4567649	0.04891046
386	0.6	-0.296875	0.16000001	61.375	44.6	385999	-0.14182745	0.020580688	26853.045315	0.049307257
387	0.6	-0.09823529	0.16300002	57.35294	44.3	386999	-0.14080435	0.019724635	26916.146482	0.048999086
388	0.7	-0.29333332	0.24199998	57.61111	36.6	387999	-0.13470948	0.020969918	26976.4720941	0.04928274
389	0.5	-0.007499993	-0.016999995	51.35	52.2	388999	-0.12728266	0.021513382	27040.6085501	0.047649153
390	0.6	-0.334375	0.12400003	58.8125	38.3	389999	-0.11995264	0.021132834	27105.1260021	0.05146495
391	0.7	-0.3495833	0.17100002	44.041668	33.8	390999	-0.1158343	0.02104601	27168.0525191	0.051565416
392	0.6	0.0926087	0.09000002	43.695652	51.6	391999	-0.11590272	0.022046609	27234.4102662	0.050571315
393	0.4	-0.146	-0.43900004	61.733334	64.5	392999	-0.11923178	0.021502381	27304.6530931	0.05002848
394	0.5	0.18619052	-0.06599999	48.714287	57.1	393999	-0.11878557	0.02009779	27369.842526	0.04850942
395	0.8	0.1876	0.572	41.92	23.6	394999	-0.113598436	0.020233301	27426.5580041	0.04916743
396	0.4	-0.41599998	-0.31199998	62.066666	41.9	395999	-0.10648704	0.020269034	27489.407048	0.049963746
397	0.5	-0.56333333	-0.036999978	57.0	14.6	396999	-0.09999966	0.019949006	27542.3592811	0.048433777
398	0.3	0.06423077	-0.64399993	36.692307	45.2	397999	-0.09115923	0.020440396	27604.1155181	0.048407774
399	0.6	0.09333334	0.10200001	41.5	40.5	398999	-0.08279024	0.020626195	27665.2234221	0.04939038
400	0.4	0.24375	-0.24700001	32.6875	55.2	399999	-0.0797945	0.020848503	27730.8527751	0.049343515
401	0.5	0.06407409	-0.049999982	38.703705	55.5	400999	-0.078493625	0.021184692	27795.7444789	0.048372697
402	0.4	0.005909096	-0.32500002	45.409092	63.0	401999	-0.06696528	0.020951187	27862.3659031	0.048064668
403	0.7	0.1465	0.21799998	46.05	29.1	402999	-0.062087953	0.021444554	27919.1406941	0.048066758
404	0.9	0.11192309	0.75200003	39.53846	15.7	403999	-0.058807768	0.022022724	27973.963521	0.04923739
405	0.4	-0.11114284	-0.23599997	29.114286	4.6	404999	-0.06651332	0.023243323	28027.0047891	0.051260613
406	0.4	-0.30304345	-0.409	44.086956	51.6	405999	-0.07564201	0.023343978	28094.892175	0.051438842
407	0.4	-0.43449998	-0.28500003	49.1	29.3	406999	-0.0815938	0.023457894	28154.087316	0.050639544
408	0.4	-0.13783783	-0.239	28.135136	4.9	407999	-0.0949455	0.023108447	28204.5579071	0.0485831
409	0.3	-0.4533333	-0.409	37.666668	71.2	408999	-0.12634484	0.024631178	28276.644038	0.04883293
410	0.2	-0.06888887	-0.63	57.38889	83.2	409999	-0.19139975	0.023992434	28356.1745942	0.05210862
411	0.3	0.12652175	-0.409	44.434784	71.2	410999	-0.25543168	0.021180613	28431.8967881	0.051816553
412	0.5	-0.34399992	-0.07899998	68.066666	8.9	411999	-0.2910672	0.02126364	28489.157546	0.053875383
413	0.3	-0.23214284	-0.49399996	24.071428	10.4	412999	-0.2854292	0.0222199	28547.7225471	0.0547794
414	0.3	-0.051199988	-0.42699996	20.06	63.1	413999	-0.26044306	0.022251729	28622.718658	0.052910376
415	0.6	-0.24499996	0.07799999	41.833332	23.1	414999	-0.22604707	0.020641977	28682.9339771	0.051612556
416	0.8	-0.14199997	0.40200004	38.92	20.8	415999	-0.19567515	0.020230647	28740.091851	0.05014565
417	0.6	0.254375	0.17600003	31.625	43.0	416999	-0.16877723	0.020976907	28806.270201	0.05322355
418	0.4	0.32037035	-0.226	35.296295	63.0	417999	-0.15186967	0.020915296	28874.3057899	0.04957376
419	0.3	0.3566667	-0.409	24.738094	71.2	418999	-0.14370014	0.021315908	28946.14239	0.050502542
420	0.7	-0.0935294	0.19500001	56.882355	51.2	419999	-0.14043485	0.02068817	29012.694746	0.050412364
421	0.5	-0.27499998	-0.054999996	55.77778	46.1	420999	-0.13435121	0.020808522	29078.783911	0.050641805
422	0.5	0.28161296	-0.27000004	33.870968	28.0	421999	-0.1306004	0.020693012	29140.192246	0.0520839
423	0.5	0.16230771	-0.024	38.307693	52.9	422999	-0.12656096	0.020738471	29208.2545521	0.05062577
424	0.7	0.32962966	0.371	34.37037	33.6	423999	-0.11758191	0.021459958	29270.170959	0.050760794
425	0.4	-0.1970588	-0.24299999	61.294117	44.9	424999	-0.11390182	0.02218845	29333.527632	0.049660295
426	0.3	-0.18066667	-0.412	65.2	71.5	425999	-0.11123351	0.021808531	29406.645658	0.05038382
427	0.3	-0.12699999	-0.40999994	48.25	71.3	426999	-0.11285636	0.021536019	29479.1483381	0.050803874
428	0.3	-0.25954542	-0.412	49.272728	71.5	427999	-0.111405894	0.02137084	29553.013324	0.0515806
429	0.6	-0.12391304	0.13499998	43.565216	7.5	428999	-0.107502006	0.020549301	29606.713876	0.05085468
430	0.5	0.1773077	-0.08799999	36.807693	59.3	429999	-0.093737945	0.020817645	29676.8910069	0.050981116
431	0.3	-0.1622222	-0.41	55.61111	71.3	430999	-0.08226959	0.020831058	29752.5868042	0.052730557
432	0.6	-0.11444444	0.029000008	56.444443	57.7	431999	-0.07330707	0.021387715	29824.081377	0.051784236
433	0.5	0.17434783	-0.146	44.04348	55.2	432999	-0.065124825	0.021521514	29893.439208	0.05188751
434	0.7	-0.44	0.286	63.1875	42.1	433999	-0.058557786	0.021031452	29958.228756	0.051174585
435	0.5	-0.0071428446	-0.06499998	44.190475	7.5	434999	-0.05487034	0.021214258	30012.917635	0.05190484
436	0.4	-0.21416664	-0.26200002	42.958332	17.1	435999	-0.047415223	0.021332443	30071.5668662	0.05266568
437	0.4	0.084750004	-0.306	24.85	71.0	436999	-0.044650827	0.022669965	30149.244776	0.052245528
438	0.5	0.31156248	-0.048999988	32.09375	45.5	437999	-0.040409222	0.021766145	30217.098593	0.052189644
439	0.7	-0.17714286	0.35400003	36.32143	25.4	438999	-0.038104057	0.02221149	30275.6124761	0.05032562
440	0.5	0.295	-0.096	31.3	60.1	439999	-0.045057748	0.024392387	30344.913096	0.050984118
441	0.5	0.043	-0.025000006	51.25	53.0	440999	-0.04049321	0.02278716	30410.819237	0.05015727
442	0.7	-0.029999983	0.35799998	48.55	34.9	441999	-0.03360765	0.021360936	30471.7020881	0.050172478
443	0.3	-0.42882353	-0.421	61.058823	72.4	442999	-0.03505906	0.021556752	30539.899051	0.04796356
444	0.7	0.09045458	0.35900003	46.136364	34.8	443999	-0.035102036	0.021141099	30598.9667401	0.04807517
445	0.4	-0.238125	-0.32399994	61.6875	53.0	444999	-0.032371912	0.02112553	30663.7766352	0.049002852
446	0.7	0.27178574	0.329	34.285713	37.8	445999	-0.036766496	0.021849334	30724.955353	0.049724147
447	0.4	-0.14333333	-0.284	44.125	49.0	446999	-0.04701222	0.022533108	30790.8059289	0.04995121
448	0.5	0.110400006	-0.17999998	37.68	48.7	447999	-0.058012344	0.022257157	30855.49895	0.049990825
449	0.6	-0.4888889	0.151	55.055557	35.6	448999	-0.06910613	0.022885468	30916.16798	0.048967373
450	0.4	-0.31049997	-0.21499999	51.65	61.9	449999	-0.078390434	0.021872971	30984.958884	0.050183095
451	0.4	-0.18722221	-0.33400002	58.11111	73.8	450999	-0.0873118	0.022339752	31057.320915	0.04956289
452	0.4	-0.11941177	-0.262	53.64706	66.6	451999	-0.08360912	0.021982811	31126.863239	0.048944276
453	0.6	-0.28592592	0.07400002	40.333332	13.6	452999	-0.090929165	0.022911228	31180.5481	0.04949159
454	0.4	0.038064517	-0.26600003	32.48387	17.5	453999	-0.10004367	0.023702092	31237.702739	0.05120005
455	0.8	0.16375001	0.49	31.28125	21.9	454999	-0.10568058	0.023352483	31296.415633	0.051073104
456	0.5	-0.143125	-0.014999986	58.5	52.0	455999	-0.12166692	0.024429863	31365.3031991	0.053238366
457	0.7	-0.24	0.37500003	61.875	33.2	456999	-0.15784353	0.023650246	31424.4186041	0.048691038
458	0.3	-0.39333332	-0.409	66.4	71.2	457999	-0.18287681	0.021732397	31502.2302711	0.05169339
459	0.3	-0.42285714	-0.409	71.14286	71.2	458999	-0.19077978	0.021186348	31586.3191791	0.057140235
460	0.3	-0.010833313	-0.409	43.333332	71.2	459999	-0.17992672	0.021231633	31668.450772	0.0561759
461	0.1	-0.2868	-0.80999994	41.28	71.3	460999	-0.16680975	0.02231682	31744.9156802	0.052991576
462	0.5	-0.40999997	-0.11899998	41.608696	52.5	461999	-0.16640162	0.021758579	31812.7611082	0.0511747
463	0.3	-0.32392853	-0.429	36.642857	13.8	462999	-0.15823074	0.019084308	31869.3750291	0.051778127
464	0.6	-0.29578942	0.18200001	51.157894	42.4	463999	-0.13583733	0.01988623	31935.3144281	0.051569045
465	0.5	-0.3236	-0.113999985	41.0	61.9	464999	-0.10904786	0.020393597	32006.729049	0.05116326
466	0.1	-0.22125	-0.803	60.0	90.4	465999	-0.08486435	0.020202488	32086.8907549	0.050585803
467	0.3	0.22758625	-0.40999994	36.517242	71.3	466999	-0.0677621	0.02058428	32162.2441671	0.052105483
468	0.3	-0.027599983	-0.409	39.36	71.2	467999	-0.05160885	0.020971902	32236.1165581	0.051238425
469	0.4	0.0023809785	-0.23899996	24.380953	4.9	468999	-0.04346577	0.0216218	32288.5321021	0.050505873
470	0.5	-0.35449997	-0.07399999	46.15	57.9	469999	-0.041191448	0.022336934	32355.9312551	0.05013416
471	0.7	0.037352942	0.13900001	29.529411	27.1	470999	-0.04289114	0.022670608	32414.89398	0.05032888
472	0.8	0.06931034	0.39299998	35.275864	31.6	471999	-0.046905935	0.023325866	32474.3512812	0.04967529
473	0.7	0.2725	0.31	26.125	10.0	472999	-0.052108575	0.02253028	32528.795166	0.051021736
474	0.9	0.08150001	0.75200003	25.225	15.7	473999	-0.05885435	0.02362145	32584.4574749	0.050522152
475	0.6	0.2115625	0.108	29.65625	20.1	474999	-0.06237075	0.022903275	32640.1244659	0.049505007
476	0.7	0.1660527	0.21700001	26.394737	29.2	475999	-0.06302271	0.02295364	32697.0988791	0.04843088
477	0.6	0.08935484	0.129	33.741936	37.8	476999	-0.057037566	0.022523645	32755.8753111	0.04777202
478	0.2	0.12500003	-0.717	38.153847	62.2	477999	-0.05310057	0.022231739	32822.776206	0.04937873
479	0.4	0.0048148166	-0.295	37.22222	69.9	478999	-0.040794265	0.022637816	32893.0199711	0.05098585
480	0.7	-0.20347832	0.25300002	42.739132	25.6	479999	-0.031869475	0.022053802	32951.040906	0.05025285
481	0.5	-0.16857141	-0.16399999	46.095238	47.1	480999	-0.022947008	0.021920448	33013.285141	0.04805428
482	0.6	-0.12692307	0.099000014	40.423077	30.9	481999	-0.018957896	0.022470891	33072.8100669	0.049869463
483	0.8	0.012500014	0.473	27.416666	23.6	482999	-0.010099096	0.021612609	33130.607445	0.05012152
484	0.5	-0.43925926	-0.153	37.407406	46.0	483999	-0.00431403	0.022628762	33195.159569	0.050018903
485	0.8	0.15966669	0.562	31.433332	24.6	484999	0.005300436	0.023494259	33253.0596581	0.04996658
486	0.3	-0.04655171	-0.65199995	36.482758	46.0	485999	0.0061915466	0.02300399	33316.455981	0.049458638
487	0.8	-0.13285716	0.496	35.5	21.3	486999	0.0062128436	0.023113713	33371.422755	0.04846734
488	0.8	0.3513158	0.49899998	26.263159	30.9	487999	0.008315674	0.023242079	33431.403214	0.05041672
489	0.6	0.4639286	-0.024999982	32.964287	33.4	488999	0.010917671	0.023137117	33491.8212261	0.050357047
490	0.6	-0.022608696	0.12799999	46.434784	47.8	489999	0.009527209	0.022773264	33556.1863911	0.049335685
491	0.6	-0.013478266	0.077999994	41.304348	42.9	490999	0.007620539	0.023505105	33620.0543971	0.05060083
492	0.6	-0.05958332	0.08599999	44.166668	42.1	491999	0.0042925864	0.022947077	33683.9893861	0.051111136
493	0.5	0.2862791	-0.21100001	23.418604	51.8	492999	0.00057953934	0.02301579	33750.4857302	0.050580163
494	0.7	-0.015999988	0.36600003	47.15	34.1	493999	-0.003972926	0.02369993	33810.257621	0.04871454
495	0.6	-0.12842102	0.077	55.473682	52.9	494999	-0.007091102	0.02350244	33877.3741891	0.05018328
496	0.7	-0.22600001	0.374	63.0	33.3	495999	-0.016979363	0.023429524	33937.062382	0.049342178
497	0.5	0.11090908	-0.024	44.090908	52.9	496999	-0.021988079	0.023509609	34002.429852	0.049284987
498	0.2	0.13227274	-0.60599995	46.454544	80.8	497999	-0.027405377	0.022704856	34077.9006491	0.050245292
499	0.8	-0.37071428	0.56000006	73.14286	24.8	498999	-0.033087358	0.02314663	34135.9144511	0.050399482
500	0.4	-0.31133333	-0.21499999	64.8	61.9	499999	-0.036604356	0.02349248	34203.857991	0.04844113
501	0.3	-0.019047612	-0.40999994	50.190475	71.3	500999	-0.050449524	0.02348222	34276.12866	0.049917467
502	0.1	0.10409093	-0.804	44.68182	90.5	501999	-0.07282119	0.022227021	34352.6825101	0.049253028
503	0.7	-0.30733335	0.37	64.4	33.7	502999	-0.07858697	0.021900598	34411.901305	0.04903882
504	0.3	-0.13	-0.42	60.52941	72.3	503999	-0.07575545	0.021596482	34483.3519731	0.049157783
505	0.4	-0.234375	-0.21299997	61.3125	61.7	504999	-0.060446296	0.022653988	34551.0789452	0.049134325
506	0.5	0.017500008	-0.14599998	48.85	35.4	505999	-0.04360393	0.022338215	34613.1701181	0.050021425
507	0.8	0.13764706	0.43	31.205883	18.0	506999	-0.029908702	0.022165393	34671.6860871	0.05225125
508	0.6	-0.38727275	-0.103	30.515152	31.3	507999	-0.017092384	0.022933373	34735.379004	0.05302029
509	0.4	0.338125	-0.383	29.5	49.0	508999	-0.009071285	0.023119908	34802.2694809	0.051118437
510	0.5	-0.032333326	-0.113999985	34.133335	42.1	509999	-0.0041663703	0.023119817	34863.4724681	0.04903398
511	0.4	-0.08833334	-0.272	33.0	37.9	510999	-0.0018786943	0.02361564	34922.5337222	0.04771841
512	0.7	0.1811111	0.36400002	27.166666	24.4	511999	0.0005123906	0.0233514	34978.4128711	0.04878627
513	0.6	0.12885715	0.11200001	30.8	49.4	512999	0.0004873178	0.023849672	35042.612179	0.049332175
514	0.8	-0.05999998	0.57000005	38.72	23.8	513999	-0.00092058454	0.024062958	35097.0567811	0.04728751
515	0.6	0.17772728	-0.116999984	21.704546	52.5	514999	-0.0045804866	0.024149952	35163.2823231	0.048520718
516	0.2	-0.096538454	-0.61399996	41.115383	81.6	515999	-0.025469296	0.025726087	35244.3544071	0.051836405
517	0.0	-0.912	-1.0	91.2	100.0	516999	-0.05776838	0.026133431	35328.1476731	0.052413695
518	0.0	-1.0	-1.0	100.0	100.0	517999	-0.073227115	0.025271717	35412.3878551	0.05095105
519	0.0	-1.0	-1.0	100.0	100.0	518999	-0.08065396	0.02469717	35491.1820321	0.049820125
520	0.0	-1.0	-1.0	100.0	100.0	519999	-0.08447699	0.025156595	35570.5017772	0.04838932
521	0.0	-1.0	-1.0	100.0	100.0	520999	-0.098646685	0.024196569	35648.192487	0.04936956
522	0.1	-0.7007692	-0.804	78.0	90.5	521999	-0.13026504	0.023851926	35723.4521871	0.0486887
523	0.0	-0.4926667	-1.05	69.6	6.0	522999	-0.15145394	0.0244322	35773.8359962	0.048358392
524	0.1	-0.83043474	-0.831	20.847826	4.1	523999	-0.16497631	0.024689332	35824.373436	0.0490711
525	0.3	-0.71125	-0.429	13.708333	23.7	524999	-0.16358884	0.024598433	35880.521225	0.04978967
526	0.2	-0.8515384	-0.61300004	77.69231	61.7	525999	-0.14928238	0.024256097	35948.5270081	0.048572868
527	0.4	-0.40937498	-0.21199998	66.3125	61.6	526999	-0.12217051	0.02483397	36017.6114089	0.050455578
528	0.3	-0.31142855	-0.409	67.21429	71.2	527999	-0.09086868	0.024289288	36088.0574031	0.04943984
529	0.5	-0.26625	-0.014999986	64.5	52.0	528999	-0.060614586	0.024008762	36155.8234921	0.05121566
530	0.4	-0.3742857	-0.21199998	73.5	61.6	529999	-0.038809143	0.024345463	36227.95047	0.05237719
531	0.4	-0.76307684	-0.24399996	76.61539	5.4	530999	-0.026741512	0.02389967	36279.5105021	0.04945919
532	0.6	-0.002916644	0.17899999	42.625	42.7	531999	-0.027003802	0.024344463	36341.7425621	0.049412332
533	0.6	-0.015789459	0.074000016	49.526318	53.2	532999	-0.023573717	0.025711948	36406.911731	0.04872969
534	0.7	-0.180625	0.371	62.25	33.6	533999	-0.031430468	0.02610156	36467.8126531	0.05020952
535	0.2	-0.009999999	-0.607	47.0	80.9	534999	-0.04863037	0.028060745	36545.249306	0.049494512
536	0.3	-0.2572222	-0.44399995	54.0	5.4	535999	-0.069586165	0.026673218	36599.906863	0.052636415
537	0.4	-0.20736842	-0.21900001	52.842106	62.3	536999	-0.07900586	0.025866747	36673.2267962	0.05179306
538	0.3	-0.22782607	-0.41599998	45.086956	71.9	537999	-0.07159319	0.024959987	36747.3225222	0.05066563
539	0.4	-0.605	-0.222	77.333336	62.6	538999	-0.063283786	0.024828423	36819.686538	0.051737253
540	0.2	-0.49999997	-0.60599995	46.217392	80.8	539999	-0.06437172	0.025232429	36892.1690531	0.050275497
541	0.4	-0.37095234	-0.21199998	47.190475	61.6	540999	-0.05161958	0.023922967	36961.4830961	0.049264066
542	0.4	-0.2748387	-0.238	31.451612	54.3	541999	-0.031366423	0.02398223	37026.694828	0.04941788
543	0.5	-0.17658533	-0.024999987	25.829268	53.0	542999	-0.023686646	0.02600832	37093.6384451	0.050192006
544	0.6	-0.47789472	0.141	48.526318	26.7	543999	-0.015860131	0.024813943	37151.490222	0.049400724
545	0.8	-0.21521743	0.56700003	43.913044	24.1	544999	-0.00404543	0.023944175	37208.0713131	0.04908072
546	0.5	0.04708333	-0.127	41.916668	53.3	545999	0.009294474	0.022954945	37273.778414	0.05002737
547	0.7	0.18766667	0.316	35.366665	39.1	546999	0.016397577	0.022738738	37334.5070519	0.049005095
548	0.9	0.0810345	0.737	34.103447	17.2	547999	0.024071556	0.023343349	37389.018291	0.049082924
549	0.6	0.4287879	0.09600001	30.636364	51.0	548999	0.0296996	0.023333462	37451.9781451	0.04847487
550	0.8	0.60023814	0.47100002	21.785715	33.7	549999	0.030667858	0.02311248	37512.042069	0.049659155
551	0.8	0.18153848	0.5530001	40.26923	15.6	550999	0.028005501	0.023174593	37566.783426	0.049701653
552	0.7	0.3426667	0.278	33.2	23.1	551999	0.028392289	0.022979267	37623.876996	0.049715493
553	0.9	0.23758623	0.75600004	35.58621	15.3	552999	0.026171857	0.023374848	37678.2460911	0.0494551
554	0.8	0.08880001	0.536	39.84	27.2	553999	0.027204804	0.023465108	37736.136523	0.049403258
555	0.5	0.34033334	-0.16799998	33.366665	47.5	554999	0.02694213	0.023166921	37799.2985651	0.049138457
556	0.4	0.1782759	-0.331	34.62069	63.6	555999	0.023437515	0.023395313	37866.750447	0.049031943
557	0.6	0.23346156	0.088000014	38.884617	51.8	556999	0.022159	0.02355089	37930.3015451	0.048637792
558	0.8	0.36758623	0.56500006	32.96552	24.3	557999	0.020495232	0.022824895	37985.9127991	0.048256174
559	0.4	-0.0047368347	-0.21399999	53.63158	61.8	558999	0.019622587	0.023187893	38051.357265	0.047933534
560	0.7	0.08000001	0.264	47.55	44.3	559999	0.01561746	0.022547487	38112.6531641	0.0483088
561	0.4	0.12173915	-0.21299997	44.913044	61.7	560999	0.014878356	0.022526853	38178.5595682	0.048230197
562	0.5	-0.33142853	-0.048999988	69.21429	55.4	561999	0.0141081605	0.02267789	38242.138514	0.047898453
563	0.6	0.11666667	0.127	50.857143	47.9	562999	0.013892422	0.023396553	38304.6097391	0.04802631
564	0.6	0.010526318	0.05700002	52.210526	45.0	563999	0.016991377	0.022659235	38365.3134952	0.047687575
565	0.4	0.21031252	-0.21499999	29.78125	61.9	564999	0.014768782	0.023307554	38432.319452	0.04857711
566	0.5	-0.12909092	-0.11199999	45.409092	51.8	565999	0.020847714	0.022604829	38496.66342	0.049697775
567	0.8	0.25655174	0.40600005	33.75862	20.4	566999	0.024243683	0.022475583	38550.6409161	0.047674906
568	0.6	0.36812502	-0.06399999	32.8125	37.3	567999	0.028825806	0.022888463	38610.066725	0.04841829
569	0.5	-0.0713793	-0.26799998	35.551723	47.6	568999	0.029523108	0.022561235	38672.818311	0.049116
570	0.7	0.28566667	0.3	32.233334	40.7	569999	0.031413548	0.023031859	38733.0019581	0.04836228
571	0.6	0.11500001	0.047000013	39.307693	26.2	570999	0.027687816	0.02389531	38789.847353	0.04863405
572	0.6	0.08125001	0.14200002	38.416668	36.5	571999	0.025203355	0.023817822	38849.1683061	0.048514213
573	0.6	-0.18875	0.16100001	63.0625	44.5	572999	0.019627105	0.027888648	38909.7530291	0.047974374
574	0.6	0.100833364	0.17099999	44.708332	43.5	573999	-0.00071397686	0.028962089	38968.4524879	0.04683033
575	0.5	-0.4323077	-0.073	74.30769	57.8	574999	-0.06596667	0.02810227	39031.259258	0.047035553
576	0.0	-0.25066665	-1.0	65.46667	100.0	575999	-0.10633955	0.024662716	39113.549623	0.047264
577	0.3	-0.3293333	-0.42600003	66.6	72.9	576999	-0.11413507	0.022936862	39179.9431901	0.04691989
578	0.3	-0.17705883	-0.453	59.294117	65.7	577999	-0.11209024	0.02182494	39244.2552969	0.045811113
579	0.3	0.13818179	-0.41799998	45.863636	72.1	578999	-0.10074702	0.023167422	39310.209841	0.046624396
580	0.5	0.0039999993	-0.017999995	50.1	52.3	579999	-0.07911546	0.022535935	39369.829998	0.045575388
581	0.4	-0.31176466	-0.21699998	61.0	62.1	580999	-0.051010184	0.023375655	39432.249368	0.04589274
582	0.3	0.111818194	-0.41300002	43.909092	71.6	581999	-0.034020614	0.023766728	39498.9778981	0.046288673
583	0.7	-0.046666656	0.368	48.04762	33.9	582999	-0.023161707	0.025021285	39554.4061852	0.046023514
584	0.5	-0.35411763	-0.017999982	59.52941	52.3	583999	-0.019006835	0.025364205	39615.813329	0.046917822
585	0.4	0.23846157	-0.21399999	38.307693	61.8	584999	-0.014427233	0.024480453	39680.69172	0.04644961
586	0.8	0.13826089	0.535	43.260868	27.3	585999	-0.0091663115	0.023582648	39735.5332341	0.04703539
587	0.3	-0.041666653	-0.417	54.666668	72.0	586999	-0.007121312	0.024972908	39802.35689	0.047661673
588	0.6	-0.16842106	0.175	54.157894	43.1	587999	-0.0019261896	0.024288902	39861.3187001	0.0470448
589	0.4	-0.5476923	-0.21199998	78.07692	61.6	588999	0.009021372	0.02449266	39927.012387	0.047420602
590	0.7	0.14652175	0.379	42.434784	32.8	589999	0.011344336	0.025000365	39985.0819201	0.048130438
591	0.5	0.0066666603	-0.016999984	47.52381	52.2	590999	0.010698383	0.02582822	40046.040689	0.04681429
592	0.6	-2.9802323e-09	0.16600001	50.5	44.0	591999	0.009050289	0.025075901	40104.6891351	0.046677977
593	0.3	-0.0936842	-0.412	52.0	71.5	592999	0.0033936629	0.025609419	40170.064492	0.046227492
594	0.3	0.038695656	-0.41099995	44.608696	71.4	593999	0.0055089304	0.025623424	40243.1542342	0.046289757
595	0.0	-0.34733334	-1.0	61.8	100.0	594999	0.0018403518	0.024482291	40326.587276	0.05029541
596	0.0	-0.976	-1.0	97.6	100.0	595999	0.009254585	0.023954231	40409.6447871	0.04917769
597	0.3	-0.7572727	-0.41300002	94.09091	71.6	596999	0.014894868	0.024116276	40481.719162	0.04985594
598	0.2	-0.63846153	-0.65999997	79.53846	86.2	597999	0.024457598	0.022837216	40557.2494001	0.05098771
599	0.2	-0.68315786	-0.6740001	53.210526	8.4	598999	0.030872852	0.024835553	40610.481945	0.050270494
600	0.6	0.20500001	0.177	25.35	42.9	599999	0.03584672	0.024695499	40673.421077	0.04993088
601	0.7	0.105652176	0.367	42.217392	34.0	600999	0.038897645	0.024610864	40731.9944751	0.048525885
602	0.7	0.32250002	0.356	36.285713	35.1	601999	0.042463366	0.024185129	40790.9768651	0.04865437
603	0.8	0.1268182	0.57	42.5	23.8	602999	0.039716378	0.024877595	40845.0311031	0.047187455
604	0.7	-0.054761894	0.36900002	48.95238	33.8	603999	0.040184394	0.023899138	40903.5642881	0.04846466
605	0.7	0.07208333	0.252	43.458332	25.7	604999	0.04078508	0.024049591	40959.4639001	0.048004393
606	0.6	0.3424138	0.146	32.068966	46.0	605999	0.04050768	0.024271674	41021.1562212	0.04843383
607	0.3	0.11863637	-0.41399997	47.909092	71.7	606999	0.037639678	0.02387938	41089.5644801	0.048071876
608	0.5	0.08260871	-0.016999984	44.608696	52.2	607999	0.0347376	0.024159081	41151.9773581	0.047559567
609	0.6	0.050454542	0.027000004	45.545456	38.1	608999	0.030959781	0.023632102	41210.9090521	0.0478939
610	0.4	0.1752381	-0.21599999	45.0	62.0	609999	0.02944638	0.024577633	41275.719151	0.047716074
611	0.7	0.18576923	0.315	39.76923	29.3	610999	0.025907999	0.024414744	41332.047935	0.047828324
612	0.4	0.18333335	-0.21299998	44.285713	61.7	611999	0.022561032	0.02482792	41397.1335151	0.047918227
613	0.7	0.07366668	0.31700003	33.433334	39.0	612999	0.01893532	0.02416112	41458.0986171	0.048903085
614	0.8	0.24125002	0.33699998	32.9375	27.3	613999	0.01690188	0.025022633	41518.5652301	0.051045477
615	0.6	-0.01913042	0.152	41.782608	45.4	614999	0.021749077	0.024238529	41580.6660731	0.048959836
616	0.5	0.18043481	-0.014999986	43.434784	52.0	615999	0.021026088	0.024031373	41644.2925382	0.048391648
617	0.7	0.22588238	0.23700003	31.17647	17.3	616999	0.0154353315	0.02438613	41701.5290401	0.05150942
618	0.7	-0.17916666	0.36700004	39.625	34.0	617999	0.011321348	0.024188962	41764.5865002	0.05225266
619	0.3	0.3	-0.419	30.21875	72.2	618999	0.014095976	0.024052203	41839.590097	0.050569914
620	0.5	0.3709375	-0.13700001	32.46875	24.6	619999	0.016006125	0.024741827	41898.5271921	0.05022896
621	0.6	0.06315791	0.13399999	52.157894	47.2	620999	0.013073121	0.023885377	41969.781389	0.053553127
622	0.5	0.12782608	-0.015999991	44.391304	52.1	621999	0.0112332245	0.024480846	42042.514322	0.0545463
623	0.5	0.20208335	-0.015999984	42.916668	52.1	622999	0.015166203	0.023776183	42114.686765	0.054342926
624	0.5	-0.02549999	-0.017999982	48.1	52.3	623999	0.013224854	0.02387971	42186.4762671	0.053526245
625	0.8	-0.09333333	0.47100002	48.0	33.7	624999	0.019386135	0.024636012	42249.5982771	0.052565604
626	0.9	-0.042777784	0.72700006	54.88889	8.3	625999	0.012984066	0.025189046	42304.220294	0.05172588
627	0.4	0.15633336	-0.21799998	35.133335	62.2	626999	0.000361928	0.02586031	42376.512363	0.051354803
628	0.7	-0.010476147	0.31700003	44.52381	39.0	627999	-0.009864858	0.026416333	42440.5350831	0.0506548
629	0.6	0.08000001	0.18100002	47.272728	42.5	628999	-0.016686546	0.026675588	42505.0809162	0.05061988
630	0.4	-0.09333333	-0.21299998	63.2	61.7	629999	-0.058447912	0.034239378	42571.709199	0.049666338
631	0.4	-0.33199996	-0.21700001	66.86667	62.1	630999	-0.11029772	0.030478654	42635.6594272	0.046852607
632	0.6	0.11869566	0.18200001	45.217392	42.4	631999	-0.14480488	0.025480377	42697.9599011	0.047559235
633	0.5	-0.094444446	-0.016999984	54.333332	52.2	632999	-0.15862352	0.023868455	42766.7894831	0.05062397
634	0.5	-0.31799996	-0.015999991	65.46667	52.1	633999	-0.15433736	0.022670638	42834.1952701	0.052814756
635	0.2	0.041904777	-0.607	48.714287	80.9	634999	-0.1430846	0.022323713	42908.195446	0.051124346
636	0.4	-0.17062499	-0.21299998	61.25	61.7	635999	-0.12728646	0.022554751	42975.4393392	0.049116395
637	0.1	-0.11277778	-0.803	56.166668	90.4	636999	-0.11733997	0.023299225	43051.1692851	0.04835885
638	0.1	-0.41285712	-0.803	70.14286	90.4	637999	-0.11083341	0.023472672	43125.034965	0.047504257
639	0.3	-0.6566667	-0.45199996	82.5	75.5	638999	-0.093388304	0.022924606	43195.4558191	0.048171464
640	0.3	-0.20785712	-0.488	71.28571	79.1	639999	-0.079836026	0.02327349	43266.611367	0.04766378
641	0.7	-0.1452941	0.305	62.058823	40.2	640999	-0.06999683	0.022779474	43328.206409	0.04862564
642	0.4	0.24285719	-0.394	47.95238	79.8	641999	-0.06848802	0.022757296	43404.8772671	0.05056913
643	0.5	0.17454547	-0.056999993	46.81818	56.2	642999	-0.07147763	0.023449657	43474.3612661	0.051348053
644	0.7	0.050434798	0.15600002	43.434784	45.2	643999	-0.07070241	0.022914672	43539.6262062	0.050439876
645	0.7	0.06750002	0.31900004	48.8	28.9	644999	-0.07590218	0.023178028	43597.979382	0.049000584
646	0.3	0.09363637	-0.604	45.81818	51.1	645999	-0.08244068	0.023157693	43663.6169481	0.04969212
647	0.7	0.1304348	0.277	44.130436	43.0	646999	-0.085626654	0.02307689	43728.5866849	0.050863024
648	0.5	-0.29947367	-0.038999997	51.526318	34.6	647999	-0.08073437	0.022724364	43788.7117991	0.049783584
649	0.3	-0.16882351	-0.41399997	58.588234	71.7	648999	-0.07299777	0.021911014	43858.476371	0.048121635
650	0.4	0.1478261	-0.23099999	42.391304	63.5	649999	-0.058229	0.022894403	43928.0281291	0.050157983
651	0.4	0.34961542	-0.22999997	38.846153	63.4	650999	-0.048134323	0.023404522	43999.5197091	0.050895598
652	0.8	0.35	0.54899997	40.75	25.9	651999	-0.042226158	0.023760794	44060.8952792	0.052397642
653	0.8	0.48878792	0.41599998	30.757576	29.3	652999	-0.034588266	0.024466917	44122.9410141	0.052412845
654	0.2	-0.21049997	-0.60599995	51.65	80.8	653999	-0.030607324	0.026518382	44196.2781889	0.050475188
655	0.4	-0.1685714	-0.32999998	46.0	33.8	654999	-0.032680098	0.027193852	44257.9419742	0.04969677
656	0.4	-0.114482746	-0.31	32.96552	31.8	655999	-0.04326418	0.024693059	44323.000843	0.053959962
657	0.4	-0.08888888	-0.327	29.194445	43.4	656999	-0.05124357	0.023532815	44393.5676701	0.055252243
658	0.6	-0.65827596	0.10200002	35.724136	40.5	657999	-0.054136015	0.024190888	44463.7562141	0.05544216
659	0.6	0.13548389	0.061	32.451614	44.6	658999	-0.043675017	0.023196291	44533.5649621	0.054113336
660	0.7	0.4086666	0.35300002	22.244444	35.4	659999	-0.031322435	0.023072353	44600.1970429	0.054524306
661	0.7	0.20928574	0.36000004	33.392857	34.7	660999	-0.018397411	0.024063164	44663.9561911	0.052171648
662	0.5	0.029999997	-0.04999999	31.151516	45.6	661999	-0.012550581	0.028819302	44731.6932421	0.052478924
663	0.6	0.105660394	-0.03800001	18.660378	34.7	662999	-0.020548165	0.032389693	44795.9781392	0.052607633
664	0.7	0.10520834	0.27300003	21.625	43.4	663999	-0.027858524	0.030120388	44863.9512889	0.053297278
665	0.7	-0.20619042	0.22800002	45.142857	38.0	664999	-0.021967737	0.02425585	44928.0523481	0.05195761
666	0.4	0.30432433	-0.43199998	27.162163	63.8	665999	-0.010993586	0.02368701	44999.3623071	0.051373977
667	0.6	0.18571432	-0.06399999	35.75	37.3	666999	-0.0013060317	0.024504546	45060.6842442	0.049871832
668	0.5	-0.17655168	-0.13299999	35.75862	44.0	667999	0.0047013396	0.023894673	45125.7122211	0.05100785
669	0.7	-0.28085718	0.29	29.0	21.9	668999	0.013984569	0.024487909	45184.0394871	0.051302817
670	0.5	0.21555558	-0.11600001	21.577778	32.4	669999	0.02220928	0.024644416	45246.271486	0.051563285
671	0.7	0.07485714	0.28300002	27.714285	22.6	670999	0.026534282	0.024528686	45304.7343321	0.051247377
672	0.6	0.40795922	0.16399999	21.32653	44.2	671999	0.02834055	0.024814289	45370.213151	0.052042507
673	0.4	-0.10799999	-0.35999998	31.666666	36.8	672999	0.0311762	0.02436782	45433.1290171	0.050892603
674	0.6	0.34860468	0.06100001	24.186047	54.5	673999	0.028000114	0.025880419	45501.9667292	0.051299248
675	0.8	0.080740735	0.53400004	37.185184	27.4	674999	0.026134094	0.025746338	45559.156611	0.04869119
676	0.5	-0.48999995	-0.20700002	70.92857	61.3	675999	0.02017719	0.025661407	45625.6949019	0.049051423
677	0.6	-0.08944443	0.17800002	53.944443	42.8	676999	0.016256683	0.025232641	45688.4980412	0.0498453
678	0.6	-0.31866664	0.18200001	65.53333	42.4	677999	0.008061567	0.02513723	45750.7762861	0.049068153
679	0.5	-0.054444432	-0.014999986	55.944443	52.0	678999	0.005535253	0.025699357	45819.0942421	0.05052253
680	0.3	-0.12666668	-0.41099995	57.555557	71.4	679999	-0.00833775	0.026710896	45892.646275	0.050697945
681	0.5	-0.221875	-0.019000005	60.0625	52.4	680999	-0.020703083	0.026205894	45962.0874691	0.05179087
682	0.3	0.31933337	-0.40999994	35.4	71.3	681999	-0.024371782	0.026101138	46039.7733002	0.05334633
683	0.3	-0.07666666	-0.41099995	52.555557	71.4	682999	-0.034234915	0.02575344	46117.2491732	0.0532571
684	0.4	-0.6999999	-0.21499999	77.92308	61.9	683999	-0.050220933	0.025698906	46192.9891012	0.05353555
685	0.5	-0.295	-0.028999995	61.1875	53.4	684999	-0.065671876	0.02441597	46265.9678721	0.0541808
686	0.5	-0.057777762	-0.016999995	56.27778	52.2	685999	-0.08420456	0.02405943	46339.1083481	0.054270826
687	0.5	-0.113333315	-0.017999988	56.22222	52.3	686999	-0.095641635	0.023425058	46412.2079871	0.054548673
688	0.6	-0.346	0.18100002	68.26667	42.5	687999	-0.101622246	0.022604812	46479.8230741	0.053320527
689	0.4	0.10454547	-0.21599999	44.636364	62.0	688999	-0.09771542	0.022267533	46554.251291	0.052755922
690	0.5	0.14363636	-0.018999988	45.31818	52.4	689999	-0.08667706	0.022007689	46619.2089891	0.048794787
691	0.6	-0.30799994	0.17800002	64.46667	42.8	690999	-0.07681633	0.022204699	46681.520242	0.048485298
692	0.5	0.12545456	-0.015999984	47.136364	52.1	691999	-0.06211319	0.022452416	46749.4041021	0.051181424
693	0.3	-0.41375	-0.41	60.5625	71.3	692999	-0.045241997	0.022059707	46822.852638	0.05126931
694	0.3	0.2725	-0.40999994	37.67857	71.3	693999	-0.027265742	0.022816632	46897.3377941	0.0506157
695	0.7	0.25652176	0.376	40.217392	33.1	694999	-0.004744772	0.02312405	46958.2716939	0.05058712
696	0.5	-0.03333333	-0.031999998	51.52381	53.7	695999	0.0072684083	0.023716671	47026.52631	0.050151397
697	0.6	0.27818182	0.16000001	30.515152	34.7	696999	0.017248107	0.023786819	47089.122731	0.051540505
698	0.6	-0.29999998	0.16100001	66.07143	44.5	697999	0.02820775	0.023556532	47151.759042	0.04981349
699	0.7	-0.045499988	0.379	50.1	32.8	698999	0.036118854	0.023537781	47213.905797	0.051450677
700	0.8	0.25357145	0.55799997	36.035713	25.0	699999	0.033970702	0.023617169	47271.7603111	0.049896937
701	0.6	0.12423078	0.17800002	38.307693	42.8	700999	0.032611366	0.02356324	47334.2474241	0.050159883
702	0.8	0.3403226	0.571	34.451614	23.7	701999	0.033023927	0.024480255	47391.2674642	0.050014794
703	0.6	0.14344831	0.177	34.62069	42.9	702999	0.033080745	0.02415736	47454.5304701	0.050012752
704	0.6	0.11318183	0.09900002	43.863636	50.7	703999	0.03127504	0.02364613	47520.800781	0.050159253
705	0.4	-0.09761904	-0.21199998	48.42857	61.6	704999	0.031311993	0.022971794	47588.11852	0.04861187
706	0.3	0.073000014	-0.41099995	48.25	71.4	705999	0.032342184	0.024058899	47661.1573679	0.050750457
707	0.6	0.16558826	-0.062000014	28.352942	66.8	706999	0.03224339	0.023766877	47732.9380891	0.05128248
708	0.5	0.29641032	-0.07499997	27.538462	48.1	707999	0.032444395	0.024580605	47797.726382	0.049975738
709	0.9	-0.11652175	0.61300004	42.826088	19.7	708999	0.031288415	0.025687402	47853.808928	0.04975839
710	0.6	0.053181823	0.13800001	45.363636	36.9	709999	0.028412357	0.025573498	47912.6491621	0.0483691
711	0.4	-0.09380953	-0.21199998	48.04762	61.6	710999	0.025577892	0.024492593	47977.9295781	0.0482871
712	0.7	0.26571432	0.37600002	28.485714	33.1	711999	0.016857196	0.026395336	48035.4225051	0.04824615
713	0.6	-0.15749998	0.18100002	41.333332	42.5	712999	0.00018351722	0.025980733	48093.7062421	0.0467239
714	0.6	-0.43714285	0.17800002	72.57143	42.8	713999	-0.016807651	0.025527928	48151.011982	0.0456136
715	0.5	0.14695656	-0.014999986	42.391304	52.0	714999	-0.045946646	0.026400063	48210.895225	0.045891885
716	0.7	0.26576927	0.37300003	39.46154	33.4	715999	-0.07850775	0.02432246	48267.7162151	0.047393303
717	0.4	0.19565217	-0.21700001	41.913044	62.1	716999	-0.08564008	0.023548104	48330.8693972	0.046645366
718	0.2	-0.04315789	-0.609	52.157894	81.1	717999	-0.070528395	0.022673436	48397.799521	0.0457417
719	0.3	-0.050526306	-0.41	52.894737	71.3	718999	-0.050217293	0.022764178	48463.3775411	0.04659954
720	0.7	-0.13333334	0.37500003	58.22222	33.2	719999	-0.031818613	0.022985527	48518.9068511	0.046067853
721	0.5	0.22272728	-0.017999982	42.0	52.3	720999	-0.017950613	0.024020312	48578.5838621	0.045556065
722	0.5	0.060000014	-0.06699999	44.666668	47.3	721999	-0.009714123	0.02437295	48640.3599031	0.047128152
723	0.5	0.4771052	-0.048000008	24.157894	45.4	722999	-0.004464783	0.024203999	48699.739131	0.046877816
724	0.8	-0.2747619	0.55	51.904762	25.8	723999	0.00029139704	0.025934739	48753.697624	0.04663232
725	0.5	0.0072000027	-0.016999995	40.08	52.2	724999	0.00047748678	0.0242981	48815.249284	0.04750484
726	0.7	0.25958332	0.36200002	41.375	34.5	725999	0.01003281	0.023517838	48872.782469	0.048052717
727	0.3	0.19481482	-0.41	36.77778	71.3	726999	0.017626956	0.024043538	48939.245491	0.04750304
728	0.4	-0.0790909	-0.21499999	44.81818	61.9	727999	0.023805851	0.02467904	49002.5752192	0.046637762
729	0.6	0.09304349	0.177	43.47826	42.9	728999	0.025503172	0.02468698	49060.3737202	0.046114016
730	0.6	0.075600006	0.175	41.08	43.1	729999	0.028236462	0.024206817	49119.0379322	0.046704125
731	0.7	-0.334	0.374	60.466667	33.3	730999	0.03306516	0.024912097	49174.091645	0.045897476
732	0.7	-0.016999984	0.37500003	52.2	33.2	731999	0.0366689	0.025841312	49230.6441021	0.046883386
733	0.4	-0.13499999	-0.266	53.0	47.2	732999	0.039879605	0.024628084	49290.770556	0.046783943
734	0.4	-0.385	-0.21599999	43.375	62.0	733999	0.04031312	0.024496606	49355.555258	0.04725949
735	0.5	0.023478288	-0.034999967	22.369566	4.5	734999	0.038316958	0.024851467	49404.8074582	0.047514375
736	0.4	-0.014736803	-0.23799999	16.421053	54.3	735999	0.038960397	0.024688346	49468.6720891	0.049020402
737	0.6	-0.22904761	0.171	52.04762	43.5	736999	0.038908362	0.024249896	49527.411782	0.04707867
738	0.6	-0.042799998	0.17700002	36.92	42.9	737999	0.043651927	0.024323592	49587.63011	0.048358805
739	0.5	-0.15695651	-0.01999998	46.695652	52.5	738999	0.040314205	0.024857648	49648.1110091	0.04623581
740	0.4	0.35612905	-0.225	29.67742	62.9	739999	0.038019553	0.024872448	49713.0597579	0.047606494
741	0.5	0.21866669	-0.042999983	35.566666	44.9	740999	0.03816585	0.024755785	49773.1011431	0.047275856
742	0.5	-0.2605263	-0.029999971	52.842106	53.5	741999	0.038616262	0.024742495	49833.7449851	0.045982596
743	0.0	-0.23000002	-1.0	63.4	100.0	742999	0.038515117	0.024842642	49913.940769	0.049634296
744	0.0	-0.962	-1.0	96.2	100.0	743999	0.03843148	0.024960496	49997.7001522	0.050683945
745	0.0	-1.0	-1.0	100.0	100.0	744999	0.037088647	0.024821697	50084.7413101	0.05220906
746	0.0	-1.0	-1.0	100.0	100.0	745999	0.035088845	0.024658076	50161.0055571	0.050575934
747	0.0	-1.0	-1.0	100.0	100.0	746999	0.036148332	0.024401642	50231.6108661	0.045084093
748	0.0	-1.0	-1.0	100.0	100.0	747999	0.040359374	0.024335882	50302.5708051	0.044723783
749	0.0	-1.0	-1.0	100.0	100.0	748999	0.042510763	0.024933692	50373.163538	0.04467202
750	0.0	-1.0	-1.0	100.0	100.0	749999	0.049145896	0.02454273	50446.689352	0.046487175
751	0.2	-0.5689744	-0.611	26.897436	81.3	750999	0.05047801	0.02430373	50527.302527	0.050833937
752	0.0	-0.6325	-1.0	80.083336	100.0	751999	0.050158896	0.023707135	50617.512059	0.05252641
753	0.2	-0.5407692	-0.636	77.38461	83.8	752999	0.05562995	0.024361186	50695.198808	0.050399624
754	0.0	-0.8438462	-1.0	76.92308	100.0	753999	0.05734707	0.024285037	50776.7436271	0.04948835
755	0.7	-0.71181816	0.22600003	89.545456	28.3	754999	0.056496955	0.02404301	50835.9009171	0.05079971
756	0.7	0.041764703	0.337	31.941177	17.2	755999	0.04748368	0.024918264	50890.4707811	0.049224634
757	0.7	0.25290322	0.35300004	30.35484	25.5	756999	0.0485531	0.02386006	50946.2004991	0.047871016
758	0.4	0.011666671	-0.21499999	33.033333	61.9	757999	0.047929514	0.024127834	51011.8070641	0.048537698
759	0.6	0.232973	0.031999994	28.837837	37.6	758999	0.044994783	0.024434913	51071.809015	0.048928406
760	0.4	-0.0063157836	-0.26999998	48.57895	47.6	759999	0.043470956	0.023340631	51132.831243	0.04734793
761	0.6	0.024400014	0.176	42.24	43.0	760999	0.039754294	0.023729628	51193.417671	0.048382487
762	0.5	-0.22444445	-0.016999984	56.333332	52.2	761999	0.03699638	0.02382827	51254.6903481	0.047422364
763	0.4	0.1362963	-0.275	35.22222	48.1	762999	0.033213224	0.023803007	51316.544435	0.04805919
764	0.6	0.23115388	0.14700003	39.115383	36.0	763999	0.032926843	0.024204755	51374.0766461	0.047403663
765	0.5	-0.0725	-0.06099998	47.85	36.8	764999	0.031438973	0.024437558	51432.123946	0.04735857
766	0.7	0.12457144	0.244	31.171429	36.4	765999	0.030404102	0.025039833	51491.715894	0.04921286
767	0.7	0.10074075	0.20899999	35.11111	30.0	766999	0.03216729	0.024131047	51548.570555	0.04774639
768	0.5	0.26540545	-0.099999994	28.324324	30.8	767999	0.03106311	0.024233215	51606.4725251	0.048914902
769	0.8	0.059565235	0.54700005	42.52174	26.1	768999	0.028033957	0.024614189	51662.428395	0.04829242
770	0.6	0.19535716	0.107999995	34.785713	20.1	769999	0.029080333	0.024314016	51715.1975391	0.046778258
771	0.4	0.4383871	-0.21199998	31.096775	61.6	770999	0.026645398	0.024329515	51778.007283	0.046538364
772	0.5	0.25037038	-0.026000004	38.62963	53.1	771999	0.01999648	0.024476245	51840.5713511	0.048023164
773	0.2	-0.4042857	-0.691	69.28571	89.3	772999	0.014553621	0.025511624	51924.4505692	0.051753994
774	0.3	-0.98	-0.412	98.0	71.5	773999	0.007655713	0.024336433	52001.3160501	0.054164194
775	0.2	-0.72333336	-0.61	89.166664	81.2	774999	0.009585314	0.024074227	52083.888118	0.05301281
776	0.1	-0.79636365	-0.822	88.818184	92.3	775999	0.011293881	0.0242404	52167.6872711	0.0539145
777	0.0	-0.95299995	-1.0	95.3	100.0	776999	0.01507136	0.02370506	52258.0565071	0.05374041
778	0.2	-0.8218182	-0.608	91.36364	81.0	777999	0.02099436	0.023797974	52339.005172	0.053888753
779	0.4	-0.8172727	-0.215	90.90909	61.9	778999	0.02442247	0.02423914	52417.5025771	0.054048397
780	0.7	0.0323077	0.376	39.73077	33.1	779999	0.026019184	0.024477968	52475.7134759	0.049261607
781	0.6	0.07357141	-0.016999984	36.214287	42.5	780999	0.025171334	0.024261236	52535.7179141	0.047742326
782	0.8	0.25962967	0.543	37.703705	6.7	781999	0.02745329	0.02336168	52585.8079391	0.04760641
783	0.7	-0.128	0.367	37.52	24.1	782999	0.026142288	0.024120394	52642.7170551	0.049223464
784	0.8	0.38750005	0.535	28.694445	17.4	783999	0.024680698	0.024197266	52698.4183509	0.049942
785	0.7	0.07192307	0.34000003	39.653847	16.9	784999	0.02190913	0.024819264	52753.5690122	0.04966481
786	0.6	0.47375003	0.10699999	23.475	49.9	785999	0.020228622	0.024736155	52819.4506462	0.050582368
787	0.7	0.18882355	0.357	31.911764	35.0	786999	0.016929751	0.024795277	52878.906857	0.0491565
788	0.6	0.37083334	0.018000007	27.61111	48.9	787999	0.017931515	0.024297165	52942.1836281	0.049011208
789	0.5	0.1826471	-0.098000005	29.558823	10.8	788999	0.013176736	0.024287349	52996.669723	0.050506264
790	0.7	0.03911766	0.34100002	29.235294	16.8	789999	0.010680908	0.024741288	53055.357389	0.05272188
791	0.9	-0.5442106	0.76500005	49.736843	4.5	790999	0.003659475	0.02479615	53108.792382	0.05169424
792	0.5	-0.19086954	-0.018000001	45.782608	52.3	791999	0.0004141624	0.023901718	53178.1800921	0.051491667
793	0.4	0.04090911	-0.21599999	42.0	62.0	792999	-0.002441669	0.024277681	53245.9035029	0.05052883
794	0.6	0.033809543	0.17800002	49.52381	42.8	793999	-0.0029647842	0.023905871	53310.8206761	0.050322227
795	0.2	0.13214287	-0.606	37.42857	80.8	794999	-0.005531966	0.023909584	53386.1307712	0.051632535
796	0.6	0.12407409	0.15600002	36.37037	35.1	795999	-0.0019988888	0.023883782	53446.1858861	0.049494706
797	0.5	0.1604348	-0.01699999	41.130436	52.2	796999	0.00034212475	0.02422627	53513.267611	0.049748667
798	0.7	-0.1905263	0.37500003	56.36842	33.2	797999	0.0037450178	0.024213426	53572.1220491	0.0492019
799	0.5	0.107187524	-0.12999998	30.75	23.9	798999	0.009270773	0.024266468	53629.206197	0.049525127
800	0.5	-0.2757143	-0.100999996	35.57143	11.1	799999	0.01533433	0.024481766	53683.315171	0.050251786
801	0.7	-0.16653845	0.18699998	36.76923	22.3	800999	0.02274095	0.023220802	53740.2384591	0.04989963
802	0.6	-0.00466665	0.066000015	34.6	24.3	801999	0.02933504	0.023924522	53797.60151	0.049836494
803	0.7	0.12900004	0.19300003	25.525	31.6	802999	0.035799157	0.023960507	53857.2577012	0.049716186
804	0.9	0.3011628	0.65900004	22.023256	15.1	803999	0.03640332	0.025109949	53912.4740591	0.05024536
805	0.7	0.3735294	0.312	28.235294	29.6	804999	0.03941143	0.024694227	53971.3011451	0.04970758
806	0.6	0.11384615	0.06500001	27.923077	44.2	805999	0.04089694	0.024823608	54034.9653931	0.050638713
807	0.5	-0.2203704	-0.23900001	34.0	34.8	806999	0.039404172	0.024786582	54095.177743	0.04939731
808	0.6	-0.01750001	0.048000026	38.32143	45.9	807999	0.043912843	0.02443963	54157.7518101	0.049000587
809	0.9	0.31209305	0.62399995	23.186047	18.6	808999	0.043699034	0.024803456	54214.334991	0.050537072
810	0.6	0.22967741	-0.014999998	32.677418	42.3	809999	0.04409287	0.02432823	54276.308831	0.049488895
811	0.8	-0.3614286	0.454	46.42857	15.6	810999	0.044152375	0.02434895	54330.518455	0.049122475
812	0.6	0.10645164	0.11	32.225807	39.7	811999	0.04571086	0.02477256	54392.3899071	0.049549904
813	0.7	0.019354846	0.35799998	31.161291	25.0	812999	0.044098057	0.025292454	54450.570286	0.05023845
814	0.5	0.18885715	-0.17699997	30.514286	48.4	813999	0.04602262	0.02445301	54514.7111042	0.04952053
815	0.5	0.12519999	-0.120000005	36.2	52.6	814999	0.045064557	0.024338678	54581.4854631	0.05039907
816	0.7	0.07785715	0.323	35.857143	28.5	815999	0.044426993	0.02541866	54639.381635	0.048934188
817	0.2	0.09903226	-0.90500003	32.83871	41.4	816999	0.045206226	0.025105536	54704.136189	0.051251367
818	0.8	-0.016976742	0.446	23.581396	36.2	817999	0.043318402	0.024606671	54766.347451	0.05114813
819	0.3	-0.037058815	-0.73699987	31.029411	44.6	818999	0.04554502	0.025195595	54831.3805411	0.051239055
820	0.3	0.19708335	-0.8019999	20.854166	51.1	819999	0.046605818	0.025039887	54898.5699241	0.050864562
821	0.8	0.047	0.504	32.733334	30.4	820999	0.045740005	0.024363155	54958.700105	0.050621223
822	0.6	0.14789476	-0.0019999803	25.605263	41.0	821999	0.047917534	0.024804082	55022.1541522	0.050797805
823	0.7	0.02782609	0.26	41.391304	24.9	822999	0.05076773	0.02542099	55080.685518	0.050136745
824	0.4	0.07928574	-0.257	35.714287	56.2	823999	0.05311267	0.024825927	55148.0584462	0.049623445
825	0.8	-0.08233332	0.45200005	35.7	15.8	824999	0.05670547	0.024198925	55203.946686	0.050591648
826	0.7	0.11351352	0.259	27.405405	34.9	825999	0.05519176	0.024981026	55265.5947971	0.05074729
827	0.8	0.05861113	0.397	25.61111	31.2	826999	0.054420363	0.02529197	55325.570576	0.050102204
828	0.5	-0.09799998	-0.088999994	34.033333	39.6	827999	0.053552315	0.025666106	55386.9334321	0.049491104
829	0.6	-0.07439999	0.17000003	40.16	43.6	828999	0.051071145	0.02556382	55449.5441031	0.049886085
830	0.8	0.020909093	0.55799997	44.090908	25.0	829999	0.052813876	0.025115827	55505.8082571	0.04883136
831	0.5	0.27451617	-0.034999996	34.580647	54.0	830999	0.052544646	0.024987463	55571.1377251	0.05004686
832	0.7	-0.027142854	0.27800003	46.190475	33.0	831999	0.05023254	0.025754163	55629.3894711	0.048694346
833	0.6	0.14037038	0.17900002	38.555557	42.7	832999	0.052318525	0.024842408	55689.322361	0.047732595
834	0.8	-0.32125002	0.36799997	57.625	24.2	833999	0.053994995	0.02477341	55743.9398141	0.047189467
835	0.5	-0.43699998	-0.014999986	54.3	52.0	834999	0.056645256	0.024730343	55805.711096	0.04745663
836	0.6	-0.2935294	0.171	53.35294	43.5	835999	0.057573482	0.025518244	55864.1994181	0.046280794
837	0.4	0.08354842	-0.3	34.322582	30.8	836999	0.05647341	0.024972748	55921.92049	0.04852536
838	0.8	0.1978125	0.5490001	31.03125	16.0	837999	0.053818364	0.025420967	55975.1947191	0.048105996
839	0.7	0.39666665	0.26600003	34.4	34.2	838999	0.057567276	0.025899027	56034.8244271	0.049164265
840	0.8	0.20317073	0.49300003	24.463415	21.6	839999	0.05486489	0.026066229	56091.7647099	0.050214726
841	0.6	0.44599995	0.17800002	18.3	42.8	840999	0.054541692	0.025519157	56154.3504071	0.050483085
842	0.4	0.104375	-0.23199996	34.0625	53.7	841999	0.05452887	0.025320824	56217.3798361	0.047835976
843	0.8	0.31192306	0.448	34.923077	26.1	842999	0.055942535	0.02527108	56272.8636751	0.047788292
844	0.3	-0.09571428	-0.42200002	38.857143	62.6	843999	0.052590277	0.025210239	56338.9563181	0.048020247
845	0.8	0.23781252	0.54	30.0625	16.9	844999	0.046215083	0.025911229	56393.630064	0.04876163
846	0.8	-0.576875	0.57	64.375	23.8	845999	0.043795694	0.024629038	56448.1856611	0.04731481
847	0.7	0.17305557	0.357	27.916666	25.1	846999	0.042306785	0.02534604	56504.7305419	0.04903655
848	0.5	-0.08217392	-0.049999993	43.608696	25.8	847999	0.04546726	0.025134902	56560.256041	0.04778128
849	0.6	-0.31529412	0.11500005	55.52941	9.5	848999	0.046978675	0.025204968	56610.7810071	0.047058098
850	0.5	0.12370371	-0.04999999	36.48148	35.7	849999	0.050723877	0.024396842	56668.4924071	0.04764508
851	0.6	0.420625	0.16700001	21.3125	43.9	850999	0.052540015	0.025555851	56730.0594401	0.049145788
852	0.2	-0.22689655	-0.79399997	33.75862	20.4	851999	0.049612913	0.025972601	56785.0591021	0.048356272
853	0.6	-0.1609091	0.028999995	48.5	47.8	852999	0.051558632	0.025474617	56845.8403831	0.046927687
854	0.5	-0.0464516	-0.10699999	31.35484	31.5	853999	0.051855057	0.025499778	56905.7251451	0.04956926
855	0.9	-0.50636363	0.76400006	46.772728	14.5	854999	0.055060565	0.025068825	56959.5646641	0.048938684
856	0.7	-0.21645159	0.37300003	32.19355	33.4	855999	0.056955222	0.026160963	57020.6998081	0.051017106
857	0.7	-0.056206875	0.21400003	34.03448	19.6	856999	0.05907478	0.02630292	57076.6130071	0.049690742
858	0.8	0.0024138135	0.53900003	35.068966	17.0	857999	0.059508484	0.025802922	57132.472086	0.050248682
859	0.6	0.18588237	0.012000012	19.62745	39.6	858999	0.05839066	0.02483005	57195.8507941	0.051091515
860	0.6	-0.2325	-0.030999994	30.4375	24.1	859999	0.057893936	0.02514041	57254.722914	0.050854415
861	0.7	0.12788463	0.263	18.942308	24.6	860999	0.055302802	0.026407525	57313.62901	0.05123486
862	0.5	0.10575001	-0.075	25.325	28.3	861999	0.05405514	0.025585342	57372.0333362	0.05001713
863	0.5	0.13315791	-0.123	27.026316	13.3	862999	0.057612352	0.025210926	57426.660255	0.050096188
864	0.6	0.30879998	0.039000005	20.02	36.9	863999	0.05888803	0.025783092	57489.419276	0.050865937
865	0.5	-0.06307691	-0.187	25.205128	29.6	864999	0.05935501	0.025838116	57548.8805342	0.05053673
866	0.3	1.3245477e-08	-0.458	17.574074	6.8	865999	0.06180735	0.026188526	57602.9515131	0.05159214
867	0.9	0.124749996	0.758	25.9	15.1	866999	0.060692918	0.025522348	57659.017477	0.05115576
868	0.8	0.14758623	0.452	34.275864	25.7	867999	0.060761474	0.026458537	57717.971904	0.050630443
869	0.5	-0.00074074446	-0.07899999	37.925926	28.7	868999	0.06085672	0.02535062	57776.825083	0.049761385
870	0.8	-0.4331818	0.55799997	44.045456	25.0	869999	0.062077355	0.025734002	57834.378475	0.049781904
871	0.5	0.28033334	-0.143	32.766666	35.1	870999	0.06203594	0.025558425	57896.827599	0.050643902
872	0.7	0.30525	0.34800002	25.325	26.0	871999	0.059405036	0.026212629	57958.1066341	0.053030703
873	0.6	-0.117941156	0.078000024	30.32353	13.2	872999	0.059775878	0.026425114	58014.1102121	0.05136067
874	0.7	-0.04407406	0.21300001	34.925926	19.7	873999	0.05957989	0.026132824	58070.9782531	0.050504822
875	0.8	0.15709679	0.572	33.48387	23.6	874999	0.057778373	0.026443962	58130.1624281	0.05134044
876	0.6	0.24548386	0.11900002	31.096775	38.8	875999	0.053717982	0.028647013	58193.997571	0.051387824
877	0.6	0.15608697	0.121000014	45.869564	28.7	876999	0.04558121	0.027296197	58254.5696771	0.05135349
878	0.6	0.080937505	0.015000003	30.28125	29.4	877999	0.048477743	0.026490638	58316.8834159	0.052012738
879	0.4	-0.061515145	-0.301	31.242424	50.7	878999	0.047341414	0.026708253	58387.6847382	0.053215303
880	0.4	-0.064999975	-0.54800004	33.966667	35.8	879999	0.045186542	0.026595378	58452.3757811	0.05201877
881	0.5	0.32533333	-0.13899998	21.688889	44.6	880999	0.044116132	0.026581353	58519.0384851	0.052351967
882	0.4	-0.09919998	-0.342	38.6	44.9	881999	0.04575779	0.026333513	58584.5931749	0.051286902
883	0.4	-0.013461549	-0.40500003	40.576923	41.3	882999	0.05019137	0.026646003	58648.8813701	0.05116917
884	0.8	0.13666669	0.56799996	41.208332	24.0	883999	0.054001205	0.026501834	58707.0382071	0.050427973
885	0.5	0.19250004	-0.015999984	35.07143	52.1	884999	0.05482074	0.026905686	58772.6597731	0.050289813
886	0.7	0.0031818233	0.34500003	45.863636	26.3	885999	0.05671921	0.02653167	58830.962471	0.0499918
887	0.7	0.16555558	0.333	36.037037	37.4	886999	0.059049107	0.02724128	58895.1416202	0.05165998
888	0.4	-0.12380951	-0.343	46.42857	35.1	887999	0.059946466	0.02747512	58957.775625	0.05138832
889	0.7	-0.057499975	0.33800003	44.041668	17.1	888999	0.057335716	0.026838826	59014.2461162	0.051099
890	0.7	-0.3570588	0.33600003	59.82353	37.1	889999	0.05510317	0.026442597	59076.9132631	0.050651528
891	0.5	0.31	-0.19499996	30.39394	20.5	890999	0.05314571	0.027446402	59134.154577	0.05045974
892	0.6	-0.5852	0.105000004	39.36	30.3	891999	0.04908442	0.027420463	59196.2860961	0.05161347
893	0.5	0.43046507	-0.14899997	22.95349	15.9	892999	0.04774053	0.02750354	59254.487227	0.052424826
894	0.7	-0.38449997	0.33900002	49.15	26.9	893999	0.045860525	0.027183313	59315.158618	0.051612664
895	0.9	0.23342107	0.5950001	27.526316	21.5	894999	0.046132337	0.027132332	59375.790113	0.053433906
896	0.7	0.041290328	0.316	32.225807	29.2	895999	0.04739447	0.02630833	59436.9550121	0.05147342
897	0.7	0.27625	0.187	29.5	32.2	896999	0.04945665	0.02703305	59502.0984402	0.05353617
898	0.6	-0.07357143	-0.129	36.714287	43.8	897999	0.04926268	0.027562058	59569.5970361	0.053459253
899	0.6	0.14800002	0.17400002	32.666668	43.2	898999	0.048397727	0.027125293	59636.727493	0.05228756
900	0.4	0.12280002	-0.25	40.4	65.4	899999	0.04769712	0.027271591	59710.6188121	0.05309486
901	0.5	0.09954548	-0.07700001	45.136364	48.3	900999	0.047893077	0.02627783	59777.4100761	0.051179416
902	0.6	-0.0062499843	0.14	43.041668	36.7	901999	0.048831265	0.026713768	59840.6709042	0.051424354
903	0.8	0.12617649	0.48499998	29.32353	22.4	902999	0.049621314	0.026984375	59899.871999	0.051375616
904	0.5	-0.057200003	-0.24299996	38.44	25.3	903999	0.050774947	0.02706572	59959.4447122	0.051085882
905	0.6	0.15225807	0.17800002	33.903225	42.8	904999	0.04980555	0.02695918	60023.8867722	0.050404023
906	0.8	-0.29599997	0.551	50.1	15.8	905999	0.05373694	0.02610434	60079.3347261	0.050485775
907	0.7	0.16391304	0.37600002	40.782608	33.1	906999	0.056697898	0.027288096	60140.0414422	0.050239913
908	0.4	0.29270273	-0.21399996	28.324324	61.8	907999	0.05434645	0.02829596	60211.4278131	0.051294517
909	0.7	0.04388891	0.37100002	51.72222	33.6	908999	0.05583488	0.027123515	60274.0971801	0.050650876
910	0.9	-0.24526314	0.766	56.63158	14.3	909999	0.053685583	0.027065562	60331.3712971	0.05210666
911	0.6	0.26592594	0.148	37.074074	45.8	910999	0.051155977	0.026318416	60395.8544621	0.050616004
912	0.7	0.022083342	0.34100002	40.125	36.6	911999	0.04850044	0.027567761	60457.8310649	0.05081088
913	0.0	-0.22949998	-1.0	48.6	100.0	912999	0.04532321	0.027394941	60542.7658961	0.052632827
914	0.8	-0.017727269	0.571	47.772728	23.7	913999	0.047556844	0.026873706	60601.8487492	0.05160832
915	0.6	0.26967743	0.17600003	31.870968	43.0	914999	0.047908716	0.02635252	60665.920629	0.050673977
916	0.8	-0.069047585	0.571	45.666668	23.7	915999	0.04667941	0.02644632	60723.749629	0.05055577
917	0.4	-0.062380943	-0.302	49.714287	50.8	916999	0.0451748	0.027275454	60788.271028	0.04958679
918	1.0	-0.09409091	0.926	46.409092	8.4	917999	0.0453523	0.026391082	60841.796474	0.050477527
919	0.5	0.15222225	-0.122	37.296295	42.9	918999	0.04663929	0.026872078	60905.6412849	0.05057097
920	0.4	0.013478276	-0.21599999	42.739132	62.0	919999	0.04645009	0.026996922	60972.302937	0.049034294
921	0.4	0.3986667	-0.225	30.833334	62.9	920999	0.04760468	0.027953994	61040.1425381	0.048413757
922	0.7	-0.10111111	0.37200004	60.61111	33.5	921999	0.047629185	0.02774192	61099.2184629	0.048710614
923	0.5	0.26891893	-0.017999988	25.243244	52.3	922999	0.04658639	0.027056782	61164.7328382	0.050177712
924	0.3	-0.14333333	-0.43699998	59.22222	4.7	923999	0.041510034	0.026791649	61215.4288139	0.048874892
925	0.3	0.16136366	-0.56000006	43.545456	56.6	924999	0.0390477	0.026925689	61281.116894	0.048583645
926	0.4	-0.091764696	-0.21299998	56.705883	61.7	925999	0.030056642	0.027397282	61352.269659	0.0515054
927	0.3	0.116956525	-0.41300002	45.47826	71.6	926999	0.027294325	0.026248913	61427.5737979	0.05217496
928	0.6	0.16791667	0.11600001	42.208332	49.0	927999	0.023826744	0.02749229	61492.276444	0.051082123
929	0.6	0.20521738	0.11200001	40.95652	29.6	928999	0.011067673	0.02770969	61549.7429841	0.04838
930	0.2	0.049565222	-0.608	43.52174	81.0	929999	-4.3260872e-05	0.026686596	61631.821336	0.051670942
931	0.6	-0.24999999	0.17800002	62.875	42.8	930999	-0.010182972	0.025801199	61701.585444	0.0539476
932	0.6	-0.07631578	0.17600001	55.473682	43.0	931999	-0.014930408	0.025031567	61770.338768	0.053491075
933	0.7	-0.21466665	0.37800002	61.866665	32.9	932999	-0.019712044	0.027791817	61831.523546	0.049415436
934	0.7	0.12181819	0.374	47.5	33.3	933999	-0.026951196	0.026744064	61892.622757	0.04932065
935	0.5	0.081000015	-0.016999995	47.45	52.2	934999	-0.048445243	0.029059725	61959.9409201	0.051446136
936	0.6	-0.19	0.17900002	60.588234	42.7	935999	-0.14511825	0.03607173	62020.1773841	0.04761555
937	0.3	-0.12722221	-0.41	57.61111	71.3	936999	-0.2330241	0.02991302	62093.857389	0.049282268
938	0.3	0.14000002	-0.41099995	43.086956	71.4	937999	-0.28716737	0.026528671	62170.4129531	0.051516257
939	0.5	-0.0124999825	-0.113999985	51.75	61.9	938999	-0.3028978	0.02335339	62240.735888	0.05159574
940	0.7	-0.07588234	0.376	55.117645	33.1	939999	-0.27775162	0.021123933	62302.6880741	0.051017646
941	0.4	0.00105264	-0.21299998	53.05263	61.7	940999	-0.22951102	0.02095384	62373.9730501	0.051216945
942	0.4	0.30066672	-0.21199998	33.966667	61.6	941999	-0.1735035	0.023050547	62442.967319	0.050268974
943	0.6	-0.06521738	0.18100002	41.913044	42.5	942999	-0.13329154	0.024537958	62506.496501	0.04994227
944	0.6	0.20750003	0.17700002	42.458332	42.9	943999	-0.09327083	0.025547795	62570.9572721	0.050456535
945	0.7	-0.21666665	0.37700003	55.444443	33.0	944999	-0.051984604	0.025374318	62629.382241	0.04898982
946	0.6	-0.01619046	0.175	49.809525	43.1	945999	-0.022909846	0.0273209	62691.2448931	0.04907273
947	0.4	0.42241383	-0.28899997	34.37931	69.3	946999	-0.004308666	0.02654632	62761.8923831	0.049137577
948	0.4	0.13285714	-0.27799997	44.52381	58.3	947999	0.009097316	0.02740231	62830.277245	0.04901377
949	0.5	0.17	-0.019999987	41.423077	52.5	948999	0.01673621	0.026969459	62898.3355792	0.05096994
950	0.5	0.07800001	-0.13899998	47.75	64.4	949999	0.024790522	0.026858157	62967.5409071	0.049612366
951	1.0	0.276087	0.8920001	42.652172	11.8	950999	0.024619216	0.027196158	63020.49681	0.049205333
952	0.7	-0.32750002	0.37399998	64.4375	33.3	951999	-0.00025360213	0.03080763	63082.7500861	0.049801398
953	0.7	0.17250001	0.374	41.666668	33.3	952999	-0.018160703	0.029983578	63148.1543682	0.053807355
954	0.8	0.028421072	0.57	50.31579	23.8	953999	-0.038368452	0.02737218	63209.0147572	0.052559715
955	0.5	-0.00894736	-0.020000005	54.05263	52.5	954999	-0.050623246	0.025961637	63281.0281951	0.053152695
956	0.3	0.09619049	-0.41300002	48.095238	71.6	955999	-0.056965277	0.025904637	63359.7103159	0.05315499
957	0.3	-0.16562499	-0.409	60.75	71.2	956999	-0.053415064	0.025475612	63432.775471	0.05193341
958	0.3	-0.65000004	-0.409	81.833336	71.2	957999	-0.045915466	0.025260529	63508.715915	0.05053476
959	0.3	0.11608697	-0.409	45.47826	71.2	958999	-0.029533077	0.025128987	63581.036221	0.05023496
960	0.4	-0.009499991	-0.21299998	51.45	61.7	959999	-0.011593464	0.02520745	63650.2776511	0.050515816
961	0.2	0.24615386	-1.007	37.615383	51.6	960999	0.0058222953	0.025520531	63716.416034	0.04991059
962	0.5	-0.15380952	-0.113999985	49.42857	61.9	961999	0.022763703	0.02583163	63784.526624	0.049445633
963	0.4	0.2703846	-0.268	35.26923	67.2	962999	0.03369664	0.027551193	63855.4428411	0.050139565
964	0.3	-0.2405263	-0.41099995	56.36842	71.4	963999	0.03676677	0.027616091	63925.8360481	0.04917072
965	0.9	0.0678788	0.69600004	30.424242	11.4	964999	0.043043833	0.02754031	63978.532846	0.04892746
966	0.5	-0.28666666	-0.22299998	32.9	43.1	965999	0.05031869	0.02779209	64040.0842631	0.048966866
967	0.4	0.13358977	-0.26899996	26.0	37.6	966999	0.050651133	0.030033067	64100.212604	0.048834067
968	0.3	-0.13208334	-0.511	38.958332	61.6	967999	0.05592125	0.028092453	64168.364747	0.049370434
969	0.7	0.21342857	0.333	28.057142	37.4	968999	0.056861527	0.02914619	64228.385267	0.049092192
970	0.6	-0.07521737	0.18000002	47.304348	42.6	969999	0.06395969	0.027564693	64292.0209231	0.049423225
971	0.7	-0.25521737	0.27	39.304348	14.0	970999	0.062439546	0.028596584	64346.961287	0.05006293
972	0.4	0.049090907	-0.21299997	45.68182	61.7	971999	0.05950564	0.028965794	64418.1674621	0.05101491
973	0.7	0.032500006	0.23900001	52.3	27.0	972999	0.058263756	0.030233944	64478.16488	0.0510878
974	0.3	-0.072999984	-0.41099995	34.766666	71.4	973999	0.06926665	0.02889157	64551.826324	0.051863603
975	0.3	0.07827586	-0.41099995	34.310345	71.4	974999	0.07150018	0.027748438	64628.7659311	0.052904204
976	0.6	-0.5072	0.063	39.4	34.5	975999	0.064076066	0.028655857	64693.6570911	0.052949056
977	0.6	0.366875	0.16100001	29.71875	44.5	976999	0.060065385	0.030492099	64761.1861792	0.052704033
978	0.7	0.1476667	0.32500005	32.7	28.3	977999	0.055883985	0.032191236	64821.706605	0.051246576
979	0.5	-0.007499978	-0.06699999	32.8125	47.3	978999	0.0512919	0.030657945	64887.792562	0.050913814
980	0.6	0.21440002	0.07900001	39.24	42.8	979999	0.05641848	0.029502483	64950.3810871	0.049789663
981	0.6	0.010555559	0.17700002	55.055557	42.9	980999	0.04819145	0.0315743	65016.270071	0.050533872
982	0.6	-0.15894735	0.17900002	53.210526	42.7	981999	0.04023731	0.033128075	65082.0883141	0.051178455
983	0.7	0.19319999	0.372	41.28	33.5	982999	0.028864456	0.032514606	65143.0939682	0.05064404
984	0.4	-0.015555544	-0.21199998	52.055557	61.6	983999	0.012861406	0.032258943	65212.423763	0.049450032
985	0.4	0.075	-0.21499999	47.590908	61.9	984999	-0.0070275622	0.031809404	65279.982718	0.050467644
986	0.7	-0.105238095	0.37600002	49.190475	33.1	985999	-0.014231687	0.03059679	65339.1054721	0.04858546
987	0.4	-0.029999984	-0.21599999	50.842106	62.0	986999	-0.009266672	0.029097008	65407.969527	0.049277112
988	0.7	0.16136365	0.374	43.545456	33.3	987999	-0.0049142363	0.029141389	65465.5081911	0.048241235
989	0.6	-0.025909077	0.028000003	48.590908	47.9	988999	0.0026079398	0.02822912	65530.018748	0.048763838
990	0.4	0.029130448	-0.21499999	41.260868	61.9	989999	0.018096559	0.028525142	65598.0393341	0.04917673
991	0.8	-0.08148146	0.572	38.444443	23.6	990999	0.027776672	0.02706952	65654.3293791	0.04874949
992	0.6	0.32512197	0.177	24.390244	42.9	991999	0.03231685	0.027616184	65717.5875831	0.049509536
993	0.5	-0.19153844	-0.030000001	39.115383	43.6	992999	0.042444643	0.026495654	65782.662894	0.051303353
994	0.3	0.060500015	-0.41099995	24.8	71.4	993999	0.04947294	0.027544662	65856.804033	0.051674135
995	0.6	-0.098965496	0.11000003	34.827587	29.8	994999	0.051900182	0.027993111	65918.4921141	0.051916543
996	0.6	0.08100001	-0.014999991	25.275	32.4	995999	0.05788877	0.028437974	65982.7329671	0.052694373
997	0.6	-0.59476197	0.16700003	46.0	34.0	996999	0.05603504	0.027470551	66045.4668391	0.052087512
998	0.5	0.10585366	-0.024	24.439024	52.9	997999	0.05230367	0.02933279	66113.460428	0.05152045
999	0.5	0.25833338	-0.016999984	17.703703	52.2	998999	0.058824055	0.030006787	66180.258018	0.051698662
1000	0.7	-0.42090905	0.34700003	47.31818	16.2	999999	0.062417317	0.028407497	66234.9854741	0.049179353
