epoch	test_success_rate	ep_return	test_ep_return	ep_length	test_ep_length	total_timesteps	loss_pi	loss_q	time_elapsed	iteration_time
1	0.1	0.055555556	0.1	18.12963	90.1	999	-2.3397484	0.3168208	75.9155929089	0.04810695
2	0.0	0.05882353	0.0	19.19608	23.4	1999	-5.590836	0.54119664	132.55158186	0.047902
3	0.1	0.08510638	0.1	21.93617	90.1	2999	-9.208455	1.2703102	206.123905897	0.04796401
4	0.2	0.045454547	0.2	22.954546	25.8	3999	-13.136049	2.3993526	262.111938953	0.04777791
5	0.1	0.020408163	0.1	20.285715	17.1	4999	-16.385422	3.243669	315.35044384	0.047883257
6	0.0	0.046511628	0.0	23.04651	100.0	5999	-18.873108	4.175911	403.080469847	0.049073897
7	0.1	0.11764706	0.1	19.705883	90.1	6999	-20.891285	4.417567	484.72546792	0.048057433
8	0.0	0.040816326	0.0	20.591837	100.0	7999	-22.769684	5.4130173	566.209027052	0.047889113
9	0.1	0.06818182	0.1	22.59091	90.1	8999	-22.96016	5.4073095	643.04280901	0.047748093
10	0.1	0.083333336	0.1	21.0	90.1	9999	-22.604942	4.7470593	720.155603886	0.04789716
11	0.0	0.0	0.0	90.1	100.0	10999	-22.690876	4.324723	800.849344015	0.052278932
12	0.1	0.0	0.1	94.0	90.1	11999	-21.820892	3.3296568	876.500453949	0.049520567
13	0.0	0.0	0.0	96.6	100.0	12999	-20.005272	2.50479	953.272644043	0.04944084
14	0.1	0.0	0.1	100.0	90.1	13999	-17.569803	1.9022424	1040.88374591	0.054145746
15	0.0	0.09090909	0.0	91.0	100.0	14999	-15.552352	1.4598818	1131.48476696	0.054592256
16	0.2	0.0	0.2	99.9	80.2	15999	-13.925419	1.3519354	1208.14663696	0.05139741
17	0.0	0.1	0.0	100.0	100.0	16999	-12.415031	1.4396245	1292.28870583	0.051898453
18	0.0	0.09090909	0.0	91.0	75.0	17999	-11.393125	1.2957039	1370.12102294	0.054312315
19	0.0	0.071428575	0.0	74.35714	100.0	18999	-10.383074	1.1886812	1462.67660999	0.054795004
20	0.1	0.0	0.1	95.8	90.1	19999	-9.582722	0.9192553	1554.42184997	0.058599297
21	0.0	0.09090909	0.0	91.0	100.0	20999	-9.204838	0.8426951	1650.57032394	0.058642976
22	0.0	0.0	0.0	83.916664	90.8	21999	-8.9371195	0.7908696	1731.99176693	0.05207463
23	0.1	0.04	0.1	42.6	26.0	22999	-8.875041	0.726679	1795.86156487	0.05498091
24	0.0	0.0	0.0	68.42857	100.0	23999	-8.694721	0.7293594	1884.74357891	0.05521917
25	0.1	0.09090909	0.1	88.181816	90.1	24999	-8.607352	0.67370456	1971.12067199	0.05431276
26	0.0	0.0	0.0	99.9	93.7	25999	-8.542403	0.6709521	2054.75179386	0.05467323
27	0.0	0.0	0.0	100.0	92.1	26999	-8.475562	0.6659405	2137.30590796	0.053947862
28	0.0	0.09090909	0.0	91.0	100.0	27999	-8.265584	0.62532264	2217.62229896	0.051368244
29	0.0	0.0	0.0	99.9	100.0	28999	-8.086452	0.6203843	2297.56648588	0.050781935
30	0.0	0.0	0.0	100.0	100.0	29999	-8.089322	0.5970177	2377.38528895	0.049916055
31	0.0	0.0	0.0	100.0	100.0	30999	-8.114834	0.5973823	2459.45654988	0.051304735
32	0.1	0.09090909	0.1	91.0	90.1	31999	-8.05942	0.59057635	2537.75466204	0.049761176
33	0.2	0.0	0.2	99.9	80.2	32999	-7.899628	0.5781398	2618.70391488	0.054667298
34	0.0	0.0	0.0	100.0	100.0	33999	-7.702668	0.551032	2702.41070294	0.05383246
35	0.1	0.0	0.1	100.0	90.1	34999	-7.434692	0.5238604	2784.56166101	0.052116822
36	0.1	0.0	0.1	100.0	90.1	35999	-7.306786	0.49962616	2869.61478686	0.054582868
37	0.1	0.09090909	0.1	91.0	90.1	36999	-7.3986073	0.5022782	2951.43966985	0.05272612
38	0.1	0.09090909	0.1	90.90909	71.3	37999	-7.413371	0.50654393	3028.5662899	0.05361526
39	0.0	0.09090909	0.0	90.90909	100.0	38999	-7.4047894	0.5402223	3110.90349483	0.05161323
40	0.1	0.0	0.1	91.36364	86.3	39999	-7.4021754	0.57749903	3185.86958194	0.050259598
41	0.0	0.0	0.0	96.818184	74.5	40999	-7.501378	0.5566676	3255.73258686	0.04896373
42	0.1	0.09090909	0.1	84.545456	90.1	41999	-7.516496	0.51512104	3331.95581985	0.049707983
43	0.2	0.0	0.2	99.9	80.2	42999	-7.580213	0.5005866	3409.05446386	0.051148616
44	0.0	0.09090909	0.0	91.0	100.0	43999	-7.577188	0.51265603	3487.002666	0.050628874
45	0.1	0.0	0.1	99.9	90.1	44999	-7.514134	0.5203124	3561.00371885	0.049727105
46	0.1	0.0	0.1	100.0	90.1	45999	-7.4067726	0.5195158	3636.35145283	0.049915813
47	0.0	0.09090909	0.0	91.0	100.0	46999	-7.3143487	0.4862983	3719.424721	0.05174604
48	0.0	0.07692308	0.0	78.38461	82.8	47999	-7.2923574	0.4751598	3796.74240685	0.05346654
49	0.2	0.23076923	0.2	75.61539	80.2	48999	-7.2963643	0.4726916	3872.81932402	0.051203273
50	0.0	0.0	0.0	99.7	100.0	49999	-7.281517	0.4792323	3950.89615488	0.050123833
51	0.0	0.09090909	0.0	91.0	100.0	50999	-7.264619	0.4551925	4031.36573505	0.05150525
52	0.1	0.09090909	0.1	90.90909	75.0	51999	-7.131584	0.44023767	4107.73093891	0.05153972
53	0.1	0.0	0.1	99.9	90.1	52999	-6.954162	0.44142738	4186.75331497	0.05285148
54	0.0	0.0	0.0	100.0	100.0	53999	-6.781305	0.42078665	4267.76013684	0.050894942
55	0.2	0.09090909	0.2	91.0	80.2	54999	-6.5570097	0.4197354	4343.59519792	0.051866017
56	0.0	0.25	0.0	83.416664	82.1	55999	-6.3982005	0.40091467	4423.81461382	0.051865164
57	0.1	0.083333336	0.1	84.666664	54.9	56999	-6.30579	0.3933766	4494.15643096	0.053259537
58	0.0	0.13333334	0.0	68.066666	90.7	57999	-6.217396	0.39028338	4575.92410684	0.0523476
59	0.1	0.21428572	0.1	69.42857	80.8	58999	-6.1981063	0.38010377	4655.38521791	0.0541975
60	0.0	0.09090909	0.0	90.0	92.1	59999	-6.127001	0.37846485	4736.00626302	0.052779924
61	0.0	0.1	0.0	99.9	100.0	60999	-5.98394	0.36060888	4817.65581584	0.051360536
62	0.1	0.0	0.1	100.0	90.1	61999	-5.79541	0.34818032	4899.23014593	0.052521363
63	0.2	0.18181819	0.2	91.0	80.2	62999	-5.584793	0.35474765	4975.41127396	0.05186438
64	0.0	0.1	0.0	99.9	95.8	63999	-5.4990115	0.35942656	5056.90555501	0.04996788
65	0.0	0.0	0.0	92.63636	95.0	64999	-5.4109545	0.35531262	5139.93191385	0.052504446
66	0.2	0.16666667	0.2	82.0	80.2	65999	-5.270083	0.33859205	5224.25334287	0.056857083
67	0.2	0.09090909	0.2	90.72727	80.2	66999	-5.1281104	0.32032147	5301.53978205	0.053201262
68	0.1	0.0	0.1	99.9	90.1	67999	-5.0803924	0.31770793	5381.99098802	0.053015582
69	0.1	0.0	0.1	100.0	90.1	68999	-5.091003	0.3206142	5460.61245203	0.051971596
70	0.0	0.0	0.0	100.0	100.0	69999	-5.1436896	0.32363153	5537.38070393	0.047966097
71	0.1	0.083333336	0.1	83.833336	90.1	70999	-5.1760507	0.33339232	5612.23312283	0.049783915
72	0.1	0.0	0.1	98.454544	90.1	71999	-5.188185	0.34208867	5684.62311697	0.047618616
73	0.2	0.0	0.2	91.1	80.2	72999	-5.237613	0.34937388	5753.65923095	0.048228074
74	0.1	0.0	0.1	100.0	90.1	73999	-5.31876	0.35574737	5828.02063489	0.048817817
75	0.1	0.083333336	0.1	84.666664	90.1	74999	-5.4341187	0.36940923	5915.96463799	0.055831954
76	0.1	0.16666667	0.1	82.166664	90.1	75999	-5.5781817	0.37081626	6001.58633685	0.05619878
77	0.2	0.09090909	0.2	90.818184	80.2	76999	-5.581532	0.36651552	6081.21567392	0.0541587
78	0.1	0.0	0.1	99.9	90.1	77999	-5.4593163	0.3434255	6163.52839684	0.054055244
79	0.1	0.0	0.1	100.0	90.1	78999	-5.39831	0.32985538	6239.72273088	0.050671805
80	0.2	0.0	0.2	100.0	74.4	79999	-5.3344784	0.32169908	6311.59109092	0.050177522
81	0.0	0.07692308	0.0	82.76923	85.5	80999	-5.16587	0.304735	6389.87338591	0.051283523
82	0.0	0.0	0.0	71.84615	93.0	81999	-5.002535	0.2881142	6467.9814539	0.05258039
83	0.0	0.13333334	0.0	69.933334	90.4	82999	-4.9055862	0.27469328	6546.74664593	0.051987074
84	0.1	0.16666667	0.1	78.583336	90.1	83999	-4.8476496	0.26260617	6624.5597949	0.050755735
85	0.0	0.0	0.0	99.8	100.0	84999	-4.7759104	0.25179154	6706.65590596	0.0512968
86	0.1	0.0	0.1	100.0	90.1	85999	-4.6756535	0.24454942	6794.38296986	0.055114683
87	0.0	0.09090909	0.0	91.27273	100.0	86999	-4.5575814	0.23566271	6884.33940291	0.05695299
88	0.2	0.0	0.2	99.6	80.2	87999	-4.432454	0.22916858	6968.58522797	0.058272243
89	0.0	0.09090909	0.0	92.454544	97.4	88999	-4.3225183	0.22769932	7045.83903503	0.050278213
90	0.0	0.09090909	0.0	89.454544	90.4	89999	-4.256872	0.23069297	7121.88059402	0.04927509
91	0.0	0.09090909	0.0	90.90909	100.0	90999	-4.216313	0.24014615	7199.02859592	0.04999981
92	0.0	0.0	0.0	93.36364	100.0	91999	-4.187884	0.23984013	7276.687644	0.049230803
93	0.0	0.0	0.0	97.2	100.0	92999	-4.152146	0.23707749	7353.51057196	0.04851655
94	0.1	0.0	0.1	100.0	90.1	93999	-4.121432	0.22770047	7429.62031293	0.04983837
95	0.2	0.21428572	0.2	76.28571	80.2	94999	-4.0823636	0.22484104	7499.35794592	0.048204936
96	0.1	0.0	0.1	93.2	90.1	95999	-4.059534	0.22604984	7571.26467085	0.046949234
97	0.0	0.1	0.0	100.0	94.6	96999	-4.031357	0.22624063	7642.78530788	0.04608815
98	0.0	0.09090909	0.0	91.0	100.0	97999	-3.9721572	0.22954056	7717.95492101	0.047709033
99	0.1	0.0	0.1	99.9	90.1	98999	-3.8765693	0.23077063	7790.26382399	0.04878213
100	0.0	0.23076923	0.0	77.15385	100.0	99999	-3.8395004	0.22968787	7869.08638	0.04970701
101	0.1	0.0	0.1	99.7	90.1	100999	-3.7767568	0.22108604	7945.92264199	0.049197584
102	0.0	0.09090909	0.0	91.0	100.0	101999	-3.761034	0.20831242	8035.45384097	0.056342296
103	0.0	0.09090909	0.0	90.90909	100.0	102999	-3.772933	0.20130184	8127.23752689	0.056880683
104	0.0	0.0	0.0	99.9	100.0	103999	-3.7352848	0.19929904	8218.05146885	0.0570637
105	0.1	0.09090909	0.1	91.0	90.1	104999	-3.675629	0.20185293	8301.01066899	0.05209604
106	0.0	0.18181819	0.0	90.90909	100.0	105999	-3.645766	0.19803534	8386.14232683	0.052277286
107	0.1	0.0	0.1	99.9	90.1	106999	-3.6155133	0.19164233	8470.28951192	0.054129925
108	0.0	0.1	0.0	100.0	100.0	107999	-3.6375828	0.19600628	8549.40706587	0.05002639
109	0.0	0.09090909	0.0	91.0	100.0	108999	-3.7229254	0.19958237	8629.75636482	0.049373347
110	0.3	0.0	0.3	99.9	70.3	109999	-3.7662082	0.19849384	8696.65286899	0.0476485
111	0.0	0.18181819	0.0	91.0	100.0	110999	-3.7538085	0.1962498	8772.53409195	0.04706893
112	0.0	0.0	0.0	99.9	100.0	111999	-3.7481158	0.18531843	8850.08135295	0.04963025
113	0.0	0.0	0.0	100.0	100.0	112999	-3.7656128	0.18101026	8926.71022797	0.049599655
114	0.1	0.0	0.1	100.0	87.0	113999	-3.7741628	0.18496118	8997.88932395	0.04802149
115	0.1	0.0	0.1	100.0	90.1	114999	-3.7919843	0.18849076	9067.50993586	0.046872087
116	0.0	0.0	0.0	96.63636	92.8	115999	-3.7914712	0.18647647	9139.51663089	0.0473093
117	0.1	0.071428575	0.1	72.78571	90.1	116999	-3.762953	0.18719684	9214.78709102	0.04860942
118	0.0	0.083333336	0.0	78.166664	100.0	117999	-3.7271378	0.18615016	9299.54430389	0.052943416
119	0.0	0.0	0.0	98.0	96.5	118999	-3.6490538	0.181762	9379.45414186	0.051317893
120	0.0	0.0	0.0	93.0	100.0	119999	-3.491872	0.17335336	9457.58322096	0.05030017
121	0.0	0.09090909	0.0	88.90909	100.0	120999	-3.3490233	0.16158316	9536.10141182	0.05023553
122	0.2	0.09090909	0.2	90.90909	80.2	121999	-3.2031016	0.15115221	9610.05312896	0.049808938
123	0.1	0.0	0.1	93.181816	90.1	122999	-3.0723617	0.14682008	9689.66344905	0.050864417
124	0.1	0.18181819	0.1	88.63636	90.1	123999	-2.9423428	0.14093961	9766.50089502	0.04955235
125	0.0	0.0	0.0	99.9	100.0	124999	-2.8010678	0.13737811	9845.75997186	0.04971637
126	0.1	0.0	0.1	100.0	74.8	125999	-2.690558	0.13915879	9918.06736183	0.05003448
127	0.1	0.0	0.1	100.0	90.1	126999	-2.6271307	0.13770755	9992.98278284	0.048329193
128	0.0	0.0	0.0	100.0	100.0	127999	-2.590879	0.14210156	10072.1828229	0.04940663
129	0.0	0.0	0.0	100.0	100.0	128999	-2.5469887	0.1397065	10150.5102248	0.049502764
130	0.0	0.23076923	0.0	77.23077	90.4	129999	-2.5216749	0.14071906	10225.9866168	0.048540503
131	0.0	0.0	0.0	90.90909	100.0	130999	-2.5334673	0.14421557	10301.803839	0.04758785
132	0.0	0.09090909	0.0	90.63636	81.0	131999	-2.5859053	0.15041134	10373.6027989	0.047480714
133	0.0	0.0	0.0	99.9	90.4	132999	-2.650419	0.15224965	10447.3248599	0.049995583
134	0.0	0.0	0.0	100.0	100.0	133999	-2.70244	0.15415403	10527.4562199	0.05096126
135	0.0	0.07692308	0.0	77.61539	100.0	134999	-2.7552574	0.15869021	10611.134654	0.05011133
136	0.1	0.0	0.1	90.454544	90.1	135999	-2.8004942	0.15745509	10691.1512671	0.052831426
137	0.0	0.16666667	0.0	83.166664	100.0	136999	-2.784198	0.15109296	10773.057189	0.05057785
138	0.0	0.16666667	0.0	83.333336	100.0	137999	-2.7893445	0.15017554	10852.2463729	0.04990892
139	0.0	0.0	0.0	91.09091	100.0	138999	-2.7562711	0.15126538	10936.2224529	0.0527722
140	0.1	0.083333336	0.1	83.5	90.1	139999	-2.7240303	0.15058294	11017.2758548	0.053351793
141	0.0	0.18181819	0.0	90.454544	100.0	140999	-2.6808274	0.14904995	11102.1347558	0.052265737
142	0.1	0.0	0.1	92.0	90.1	141999	-2.6537929	0.14670438	11184.8598011	0.053757753
143	0.0	0.09090909	0.0	89.818184	90.8	142999	-2.5920377	0.14715093	11268.656152	0.054269493
144	0.2	0.083333336	0.2	91.0	80.2	143999	-2.5059	0.14595687	11345.6923659	0.0523519
145	0.1	0.0	0.1	88.181816	83.5	144999	-2.4076352	0.14915463	11423.7865109	0.05181295
146	0.1	0.09090909	0.1	85.27273	86.0	145999	-2.316085	0.1542754	11501.0776179	0.05057602
147	0.2	0.09090909	0.2	90.90909	68.0	146999	-2.2526968	0.15425617	11573.7023289	0.050854705
148	0.0	0.16666667	0.0	87.083336	100.0	147999	-2.255513	0.15718037	11655.160604	0.050902296
149	0.0	0.0	0.0	95.4	100.0	148999	-2.2346246	0.15800609	11731.985055	0.048499502
150	0.0	0.16666667	0.0	83.5	92.3	149999	-2.2124248	0.15639898	11810.1900189	0.050546598
151	0.0	0.09090909	0.0	90.818184	100.0	150999	-2.1961665	0.15629636	11890.6673748	0.0515505
152	0.0	0.0	0.0	99.9	100.0	151999	-2.1891103	0.1599566	11975.189234	0.050921798
153	0.1	0.0	0.1	100.0	90.1	152999	-2.196746	0.15990418	12052.506918	0.049639393
154	0.0	0.1	0.0	100.0	100.0	153999	-2.187226	0.16069265	12135.2950189	0.051927075
155	0.0	0.16666667	0.0	83.5	100.0	154999	-2.1658385	0.15842658	12214.6408539	0.050544567
156	0.1	0.09090909	0.1	90.818184	90.1	155999	-2.1641822	0.1626642	12289.601537	0.049098436
157	0.0	0.0	0.0	92.63636	100.0	156999	-2.1651974	0.16187641	12366.6055019	0.04846782
158	0.0	0.0	0.0	98.0	100.0	157999	-2.1660144	0.17054906	12446.850004	0.050673746
159	0.1	0.09090909	0.1	91.0	90.1	158999	-2.184239	0.17658103	12525.4045279	0.051695287
160	0.2	0.0	0.2	99.9	80.2	159999	-2.2048519	0.17755951	12598.8379929	0.050814584
161	0.0	0.09090909	0.0	91.0	100.0	160999	-2.2300138	0.18591236	12676.2670379	0.050682127
162	0.1	0.0	0.1	99.9	90.1	161999	-2.256396	0.18669194	12751.21299	0.050153054
163	0.0	0.083333336	0.0	87.75	92.3	162999	-2.2774615	0.1865754	12829.0171139	0.04913507
164	0.2	0.083333336	0.2	81.25	80.2	163999	-2.2941754	0.18714422	12900.8777559	0.04837196
165	0.0	0.0	0.0	91.545456	93.0	164999	-2.3214357	0.18792236	12977.2829618	0.050266467
166	0.2	0.09090909	0.2	87.818184	80.2	165999	-2.3561704	0.1987985	13048.6460309	0.05057633
167	0.0	0.18181819	0.0	90.90909	92.0	166999	-2.3809679	0.20229782	13128.44712	0.051844202
168	0.1	0.0	0.1	92.09091	75.5	167999	-2.41895	0.20636454	13201.622227	0.050881628
169	0.1	0.07692308	0.1	82.23077	90.1	168999	-2.4474459	0.2058967	13279.2923799	0.051105812
170	0.0	0.16666667	0.0	76.583336	100.0	169999	-2.5011153	0.20523034	13358.7825229	0.050530374
171	0.1	0.09090909	0.1	90.818184	90.1	170999	-2.5417476	0.20207758	13436.184196	0.052107964
172	0.0	0.1	0.0	99.9	100.0	171999	-2.5773444	0.20210554	13518.329087	0.0514016
173	0.1	0.0	0.1	100.0	90.1	172999	-2.6073642	0.19720593	13595.6902709	0.04976071
174	0.0	0.0	0.0	100.0	100.0	173999	-2.6343923	0.19719195	13678.678405	0.051158853
175	0.0	0.0	0.0	100.0	100.0	174999	-2.6107402	0.19087948	13760.738512	0.051825937
176	0.1	0.0	0.1	100.0	81.1	175999	-2.5737703	0.18837659	13839.4058518	0.052846078
177	0.2	0.0	0.2	100.0	71.0	176999	-2.5551987	0.18704018	13912.335906	0.05302015
178	0.0	0.2857143	0.0	78.35714	97.6	177999	-2.550447	0.18124974	13992.687444	0.05375875
179	0.1	0.0	0.1	83.181816	90.1	178999	-2.5843642	0.1890214	14074.981884	0.053314775
180	0.1	0.18181819	0.1	89.90909	69.0	179999	-2.6101058	0.1889599	14148.400003	0.05209715
181	0.0	0.09090909	0.0	90.90909	90.8	180999	-2.6343677	0.18942429	14227.1272149	0.052423775
182	0.0	0.0	0.0	86.0	100.0	181999	-2.6792371	0.18702349	14307.646333	0.05170965
183	0.1	0.09090909	0.1	88.0	90.1	182999	-2.715254	0.1945843	14384.8534019	0.052433908
184	0.0	0.07692308	0.0	82.76923	100.0	183999	-2.7576716	0.19403201	14468.3872628	0.054434363
185	0.0	0.16666667	0.0	77.083336	100.0	184999	-2.8257945	0.20285042	14550.0172138	0.05150437
186	0.0	0.0	0.0	99.8	93.9	185999	-2.907989	0.20957492	14628.9569609	0.051605914
187	0.1	0.0	0.1	100.0	70.9	186999	-3.0259557	0.22154516	14700.789984	0.049989987
188	0.0	0.0	0.0	100.0	100.0	187999	-3.150937	0.25029826	14780.2007699	0.049714997
189	0.1	0.0	0.1	87.333336	62.0	188999	-3.4348974	0.2838695	14851.0459409	0.051897325
190	0.1	0.0	0.1	71.28571	61.6	189999	-3.7161903	0.2697837	14921.635998	0.05284176
191	0.1	0.0	0.1	80.166664	51.7	190999	-3.7744174	0.22778241	14993.6585739	0.054440834
192	0.0	0.0	0.0	83.416664	33.9	191999	-3.6366544	0.18592916	15059.83233	0.055224467
193	0.2	0.0	0.2	56.833332	22.8	192999	-3.3811386	0.15970136	15122.305804	0.05500822
194	0.1	0.13636364	0.1	45.772728	42.2	193999	-3.083175	0.14272596	15185.4301159	0.051159844
195	0.0	0.0	0.0	50.05	52.4	194999	-2.804271	0.13016169	15250.666826	0.049896736
196	0.0	0.14285715	0.0	49.809525	14.4	195999	-2.565472	0.12132779	15305.229955	0.049852554
197	0.1	0.05	0.1	49.95	51.7	196999	-2.360817	0.120747834	15367.741333	0.048741344
198	0.1	0.0	0.1	55.35294	80.5	197999	-2.1783936	0.1127733	15435.5692298	0.046794783
199	0.0	0.0	0.0	70.78571	61.9	198999	-2.026393	0.10947901	15498.8675029	0.046459705
200	0.0	0.0	0.0	57.5	34.0	199999	-1.8962729	0.10768519	15558.029408	0.049530815
201	0.0	0.08695652	0.0	43.782608	35.1	200999	-1.8170657	0.10508022	15620.485846	0.051937103
202	0.1	0.037037037	0.1	37.51852	44.7	201999	-1.7592273	0.10528905	15684.287725	0.05084666
203	0.0	0.06666667	0.0	66.46667	61.6	202999	-1.7363616	0.10533267	15753.0735409	0.05034389
204	0.0	0.0	0.0	56.64706	71.2	203999	-1.7111522	0.102589756	15823.6481478	0.049803708
205	0.0	0.0	0.0	96.8	42.5	204999	-1.6666511	0.10318356	15887.156985	0.049325064
206	0.0	0.0	0.0	91.27273	61.7	205999	-1.6434205	0.099042706	15957.0811679	0.051955752
207	0.2	0.0	0.2	84.083336	51.6	206999	-1.6188709	0.098611526	16025.446368	0.05313497
208	0.0	0.1875	0.0	62.9375	43.0	207999	-1.5793034	0.09716692	16094.2881398	0.055189732
209	0.1	0.0	0.1	71.21429	80.5	208999	-1.5578455	0.095654204	16173.0310218	0.055383813
210	0.1	0.11764706	0.1	59.411766	71.1	209999	-1.5492209	0.09533153	16246.4063749	0.052774657
211	0.1	0.06666667	0.1	66.066666	55.8	210999	-1.5425326	0.09449413	16314.1734579	0.050444223
212	0.0	0.21428572	0.0	70.71429	81.3	211999	-1.5505068	0.094432525	16391.2403159	0.052276194
213	0.1	0.0	0.1	90.63636	74.6	212999	-1.5749555	0.09415886	16462.7902548	0.05073087
214	0.0	0.09090909	0.0	90.90909	100.0	213999	-1.5890794	0.092192166	16539.282742	0.049089182
215	0.0	0.21428572	0.0	74.0	100.0	214999	-1.6148306	0.091308855	16618.463376	0.049516343
216	0.0	0.0	0.0	82.166664	100.0	215999	-1.6321706	0.09073	16698.1561499	0.049181268
217	0.1	0.083333336	0.1	82.166664	90.1	216999	-1.6451623	0.08802654	16775.3720629	0.050290015
218	0.2	0.0	0.2	98.7	78.0	217999	-1.6674348	0.0868638	16850.762625	0.05069774
219	0.0	0.0	0.0	78.07692	90.6	218999	-1.7000318	0.08559811	16928.040204	0.05112377
220	0.1	0.14285715	0.1	71.42857	63.8	219999	-1.7361377	0.08594248	16997.5154979	0.05073844
221	0.1	0.16666667	0.1	82.166664	80.8	220999	-1.7564154	0.08318974	17072.010011	0.05048545
222	0.2	0.16666667	0.2	83.416664	80.2	221999	-1.7671218	0.08442262	17146.1624351	0.049552005
223	0.1	0.0	0.1	80.53846	90.1	222999	-1.7790914	0.08497359	17221.1458828	0.050001252
224	0.1	0.16666667	0.1	79.416664	90.1	223999	-1.7928348	0.08246259	17300.0242689	0.05126985
225	0.0	0.0	0.0	99.27273	100.0	224999	-1.800692	0.083064206	17379.7737169	0.051311072
226	0.0	0.0	0.0	90.6	100.0	225999	-1.8110801	0.08365569	17457.2784669	0.049399216
227	0.0	0.09090909	0.0	91.0	100.0	226999	-1.8324289	0.08398832	17537.9352019	0.05236601
228	0.0	0.0	0.0	99.9	100.0	227999	-1.8623794	0.08419554	17618.023387	0.051119193
229	0.0	0.0	0.0	100.0	80.8	228999	-1.893024	0.08462367	17691.795615	0.051374488
230	0.1	0.13333334	0.1	69.4	74.6	229999	-1.9322104	0.087594196	17765.8545969	0.050383963
231	0.1	0.0	0.1	80.833336	70.9	230999	-1.9842235	0.09000472	17839.6066599	0.051051658
232	0.0	0.083333336	0.0	82.833336	79.9	231999	-2.0275776	0.08918561	17917.553952	0.053083703
233	0.0	0.071428575	0.0	72.0	80.9	232999	-2.0514696	0.09045457	17997.7275028	0.053462643
234	0.1	0.0	0.1	98.7	80.6	233999	-2.077596	0.0938416	18075.9773519	0.050692886
235	0.0	0.071428575	0.0	72.5	80.8	234999	-2.1183608	0.09865101	18158.447978	0.0528734
236	0.0	0.0	0.0	76.69231	73.3	235999	-2.1925147	0.10430582	18248.90675	0.060800035
237	0.2	0.11764706	0.2	60.058823	61.1	236999	-2.2787256	0.10997781	18332.7987158	0.05926454
238	0.3	0.0	0.3	55.157894	60.7	237999	-2.3884935	0.12043535	18416.2552629	0.060303006
239	0.2	0.07692308	0.2	71.76923	42.1	238999	-2.5016139	0.12576717	18486.4259949	0.05582876
240	0.0	0.071428575	0.0	71.42857	71.4	239999	-2.6240468	0.120471336	18564.6518409	0.05486559
241	0.0	0.035714287	0.0	37.892857	71.3	240999	-2.7167876	0.11195688	18640.9505138	0.056369968
242	0.0	0.041666668	0.0	41.166668	71.3	241999	-2.756692	0.102616265	18716.889643	0.05476017
243	0.0	0.1	0.0	48.65	61.7	242999	-2.7314866	0.09330285	18789.2832029	0.05289165
244	0.0	0.04347826	0.0	44.173912	61.8	243999	-2.667644	0.08760162	18862.3333979	0.053457953
245	0.1	0.14285715	0.1	69.21429	39.6	244999	-2.5597754	0.081473276	18926.511735	0.052395314
246	0.0	0.0625	0.0	62.5625	80.8	245999	-2.4669507	0.07804457	19002.966588	0.05251504
247	0.1	0.083333336	0.1	83.25	90.1	246999	-2.390526	0.07969057	19078.545377	0.049585525
248	0.0	0.16666667	0.0	81.75	90.5	247999	-2.3146117	0.082935296	19155.5479589	0.050146017
249	0.1	0.15384616	0.1	79.30769	90.1	248999	-2.295479	0.08535298	19230.7512169	0.049554963
250	0.0	0.16666667	0.0	80.75	100.0	249999	-2.299243	0.09272213	19308.9847229	0.049919948
251	0.0	0.0	0.0	99.8	100.0	250999	-2.3379793	0.0971364	19386.1285489	0.0496832
252	0.1	0.09090909	0.1	91.0	90.1	251999	-2.3897998	0.09911678	19460.950191	0.049984902
253	0.0	0.16666667	0.0	83.416664	100.0	252999	-2.4157298	0.09714578	19538.2355669	0.04979349
254	0.2	0.09090909	0.2	90.818184	80.2	253999	-2.4227233	0.09592018	19612.8196878	0.051338807
255	0.0	0.15384616	0.0	81.0	94.6	254999	-2.409282	0.09669876	19693.1751828	0.05186772
256	0.1	0.09090909	0.1	86.09091	83.9	255999	-2.3897245	0.09747329	19772.1485529	0.052054673
257	0.2	0.15384616	0.2	77.53846	72.3	256999	-2.341441	0.09424052	19848.1547499	0.05202224
258	0.0	0.09090909	0.0	90.181816	92.2	257999	-2.2726538	0.09283761	19929.966177	0.052844077
259	0.0	0.07692308	0.0	77.53846	70.9	258999	-2.210329	0.0853224	20006.013113	0.05423636
260	0.1	0.0	0.1	83.25	72.2	259999	-2.1175408	0.08500059	20078.572794	0.051555883
261	0.1	0.15	0.1	51.35	61.3	260999	-2.0513506	0.08141515	20150.9690549	0.05254408
262	0.0	0.0	0.0	88.09091	61.6	261999	-1.979646	0.08085999	20226.686975	0.056158293
263	0.1	0.0	0.1	47.454544	51.8	262999	-1.90849	0.081657074	20300.435859	0.056140054
264	0.0	0.0	0.0	45.454544	52.3	263999	-1.8513496	0.07891365	20371.6199689	0.05349743
265	0.0	0.125	0.0	60.6875	90.4	264999	-1.8103874	0.07911668	20455.901814	0.054468114
266	0.0	0.0	0.0	53.526318	80.8	265999	-1.7860469	0.07586342	20537.3908548	0.053123984
267	0.1	0.0	0.1	70.07143	51.7	266999	-1.7772535	0.072727114	20610.6780739	0.054923147
268	0.0	0.083333336	0.0	82.416664	100.0	267999	-1.7892435	0.07487391	20695.7227628	0.0529511
269	0.1	0.0	0.1	99.4	90.1	268999	-1.8155867	0.07766683	20776.7585359	0.054285657
270	0.1	0.16666667	0.1	83.5	90.1	269999	-1.8524122	0.082833864	20858.553139	0.05369618
271	0.1	0.0	0.1	99.8	90.1	270999	-1.9023459	0.08505096	20940.2799759	0.05475756
272	0.0	0.0	0.0	100.0	100.0	271999	-1.9666456	0.08616315	21025.3703859	0.05277691
273	0.0	0.16666667	0.0	83.5	100.0	272999	-2.0353193	0.08798288	21111.950166	0.05481112
274	0.0	0.09090909	0.0	90.818184	100.0	273999	-2.1044903	0.09283055	21195.342458	0.0517961
275	0.1	0.09090909	0.1	90.90909	90.1	274999	-2.194603	0.09777407	21276.0331149	0.053200427
276	0.1	0.0	0.1	99.9	80.8	275999	-2.254129	0.09639181	21352.80425	0.051058173
277	0.0	0.0	0.0	100.0	100.0	276999	-2.2810447	0.0957999	21434.1171041	0.052218255
278	0.1	0.0	0.1	100.0	71.1	277999	-2.2896702	0.09357665	21509.759918	0.052633394
279	0.0	0.0	0.0	91.36364	71.8	278999	-2.2927442	0.089409895	21583.2587519	0.05237728
280	0.2	0.0	0.2	72.71429	61.2	279999	-2.261435	0.090511546	21654.024858	0.05315249
281	0.0	0.14285715	0.0	70.64286	91.3	280999	-2.2218163	0.0892456	21732.8057499	0.051293336
282	0.1	0.14285715	0.1	71.35714	61.9	281999	-2.2163618	0.087442264	21806.483757	0.05501615
283	0.1	0.083333336	0.1	83.166664	90.1	282999	-2.232001	0.085882075	21885.49301	0.051444806
284	0.0	0.0	0.0	83.666664	57.0	283999	-2.231282	0.08196867	21955.9595258	0.053463776
285	0.1	0.14285715	0.1	70.71429	71.1	284999	-2.1964753	0.07759004	22030.6209979	0.052227885
286	0.0	0.0	0.0	91.09091	93.0	285999	-2.1533418	0.07769232	22108.3681901	0.050686553
287	0.2	0.0	0.2	83.75	80.2	286999	-2.1225076	0.077802435	22184.2854331	0.05194037
288	0.0	0.13333334	0.0	67.13333	81.0	287999	-2.1045618	0.07657459	22258.0881999	0.052234303
289	0.0	0.13333334	0.0	66.6	62.0	288999	-2.0705137	0.07190263	22327.2790799	0.050327852
290	0.0	0.0	0.0	91.27273	69.6	289999	-2.045275	0.06916684	22400.49071	0.05180402
291	0.0	0.16666667	0.0	83.333336	100.0	290999	-2.0404193	0.07018977	22480.9005439	0.048842233
292	0.2	0.0	0.2	98.0	70.7	291999	-2.0387568	0.07243984	22552.733418	0.051271897
293	0.0	0.14285715	0.0	72.21429	61.8	292999	-2.0480695	0.076168865	22620.509743	0.049615342
294	0.0	0.0	0.0	90.545456	81.5	293999	-2.0815802	0.07814702	22693.2666168	0.04987477
295	0.0	0.0	0.0	74.35714	90.4	294999	-2.1163256	0.081807725	22770.6520689	0.050945804
296	0.2	0.0	0.2	81.833336	80.2	295999	-2.1436195	0.08409849	22846.0766859	0.0526286
297	0.1	0.083333336	0.1	81.75	52.0	296999	-2.1534932	0.08411061	22913.8218908	0.05147288
298	0.0	0.0	0.0	83.333336	71.5	297999	-2.1507068	0.08124143	22985.602936	0.05002835
299	0.0	0.0	0.0	72.14286	71.4	298999	-2.153309	0.07888264	23058.6978829	0.052576654
300	0.0	0.0625	0.0	63.0	62.0	299999	-2.1639822	0.07879249	23129.708636	0.05292088
301	0.1	0.0	0.1	81.666664	71.1	300999	-2.1786757	0.08112638	23204.749835	0.052112274
302	0.1	0.21428572	0.1	71.78571	33.5	301999	-2.2041664	0.08350302	23268.523629	0.053526063
303	0.0	0.0	0.0	77.07692	81.1	302999	-2.2284575	0.08437549	23344.407799	0.050952002
304	0.0	0.0	0.0	68.13333	61.7	303999	-2.2309449	0.08716206	23417.4567759	0.053846646
305	0.1	0.0	0.1	75.15385	71.5	304999	-2.2210925	0.08645537	23493.63673	0.054756097
306	0.2	0.0	0.2	88.416664	70.8	305999	-2.2093933	0.08468907	23573.9268649	0.05695983
307	0.0	0.083333336	0.0	77.583336	100.0	306999	-2.2107928	0.08328302	23656.115809	0.05158768
308	0.1	0.0	0.1	99.3	90.1	307999	-2.191389	0.08303793	23742.065558	0.05638346
309	0.0	0.0	0.0	100.0	100.0	308999	-2.1561553	0.07875273	23829.6713939	0.052962996
310	0.0	0.0	0.0	100.0	100.0	309999	-2.1115286	0.07864633	23912.5664899	0.051370602
311	0.0	0.0	0.0	100.0	100.0	310999	-2.0515218	0.076206736	23998.5345259	0.053537328
312	0.1	0.0	0.1	100.0	90.1	311999	-2.0001419	0.07365346	24080.3119988	0.05483425
313	0.1	0.1	0.1	100.0	90.1	312999	-1.9744169	0.07042075	24164.9667749	0.053501364
314	0.0	0.0	0.0	100.0	90.8	313999	-1.9628216	0.06799255	24245.778357	0.053790543
315	0.3	0.09090909	0.3	91.0	61.1	314999	-1.924028	0.06622915	24319.1213329	0.053584993
316	0.1	0.09090909	0.1	90.90909	80.7	315999	-1.8968858	0.06445843	24396.733978	0.05076768
317	0.0	0.083333336	0.0	84.333336	100.0	316999	-1.8593237	0.060744986	24483.751215	0.052632328
318	0.0	0.09090909	0.0	89.818184	100.0	317999	-1.8404683	0.059302993	24569.820992	0.052595414
319	0.0	0.0	0.0	92.72727	100.0	318999	-1.8343173	0.05558557	24655.5999649	0.05482097
320	0.0	0.16666667	0.0	81.75	100.0	319999	-1.8350139	0.0527151	24739.074755	0.053173084
321	0.0	0.0	0.0	99.8	100.0	320999	-1.8356658	0.05256925	24826.4566629	0.05384531
322	0.0	0.09090909	0.0	91.0	100.0	321999	-1.8433477	0.05206105	24909.6750679	0.051177107
323	0.0	0.0	0.0	99.9	100.0	322999	-1.8473266	0.049502656	24997.480238	0.053733308
324	0.0	0.09090909	0.0	91.0	100.0	323999	-1.8458693	0.049389075	25081.604738	0.052661728
325	0.1	0.0	0.1	99.9	90.1	324999	-1.8360498	0.0476616	25162.7506039	0.051704146
326	0.0	0.0	0.0	100.0	91.1	325999	-1.8311024	0.048435584	25244.2228589	0.05268768
327	0.0	0.0	0.0	100.0	100.0	326999	-1.8049431	0.049758058	25329.3669169	0.05487043
328	0.1	0.0	0.1	100.0	90.1	327999	-1.781273	0.04957981	25406.6545498	0.0510483
329	0.0	0.09090909	0.0	91.0	100.0	328999	-1.7746753	0.05029716	25485.666045	0.050923377
330	0.1	0.09090909	0.1	90.90909	90.1	329999	-1.7870922	0.053295456	25565.235323	0.051265135
331	0.0	0.0	0.0	99.9	100.0	330999	-1.8220928	0.05600653	25646.4921579	0.05170711
332	0.1	0.0	0.1	100.0	90.1	331999	-1.8742878	0.05856693	25731.5874639	0.056473967
333	0.1	0.18181819	0.1	91.0	87.1	332999	-1.9373232	0.06727099	25816.1490018	0.055996045
334	0.3	0.30769232	0.3	77.07692	70.3	333999	-1.9822068	0.06962354	25896.5772228	0.05588605
335	0.0	0.16666667	0.0	83.25	100.0	334999	-2.032251	0.06797936	25987.981936	0.056052715
336	0.0	0.0	0.0	99.8	100.0	335999	-2.055303	0.06282764	26083.8946719	0.05700337
337	0.0	0.09090909	0.0	91.0	93.8	336999	-2.0620914	0.06313431	26171.8471289	0.05617066
338	0.1	0.09090909	0.1	90.90909	88.7	337999	-2.0535576	0.062276673	26259.19015	0.056833193
339	0.0	0.16666667	0.0	83.416664	90.5	338999	-2.0393486	0.061998893	26347.1215959	0.057761855
340	0.1	0.16666667	0.1	83.333336	90.1	339999	-2.0141454	0.060015704	26432.5032959	0.05760876
341	0.1	0.071428575	0.1	72.21429	90.1	340999	-1.9871092	0.05960003	26520.4939809	0.057650566
342	0.1	0.09090909	0.1	89.818184	90.1	341999	-1.966758	0.062354714	26604.3606029	0.052742086
343	0.0	0.0	0.0	99.9	90.6	342999	-1.9795572	0.06293168	26691.225096	0.05609941
344	0.0	0.09090909	0.0	91.0	100.0	343999	-1.9840982	0.05930383	26778.3539619	0.05519877
345	0.0	0.09090909	0.0	90.90909	90.5	344999	-1.9614924	0.05827308	26859.7608459	0.051590033
346	0.0	0.09090909	0.0	90.90909	100.0	345999	-1.9600301	0.055881076	26942.8679578	0.04997651
347	0.2	0.0	0.2	94.90909	80.2	346999	-1.9584937	0.057992477	27022.040061	0.052449632
348	0.0	0.0	0.0	95.5	100.0	347999	-1.9621084	0.058822215	27111.6633799	0.055841073
349	0.2	0.0	0.2	100.0	80.2	348999	-1.9765232	0.06270072	27188.4404659	0.052267946
350	0.0	0.0	0.0	100.0	100.0	349999	-1.9930487	0.06359736	27277.7457159	0.05520019
351	0.0	0.0	0.0	100.0	100.0	350999	-2.0031767	0.06303824	27364.6504679	0.054363694
352	0.0	0.0	0.0	98.454544	100.0	351999	-2.0146232	0.062279444	27450.2605219	0.05253643
353	0.0	0.16666667	0.0	76.583336	100.0	352999	-2.0154648	0.06195217	27533.7915919	0.053639896
354	0.2	0.0	0.2	99.8	61.3	353999	-2.0422623	0.06107427	27604.0246599	0.051159225
355	0.0	0.055555556	0.0	57.22222	80.9	354999	-2.095275	0.06505467	27684.089026	0.05372923
356	0.0	0.0	0.0	97.0	100.0	355999	-2.1612973	0.06844085	27770.2859859	0.056188583
357	0.1	0.0	0.1	100.0	80.6	356999	-2.1680877	0.066565625	27847.688067	0.05189445
358	0.2	0.15384616	0.2	77.38461	70.6	357999	-2.1519153	0.06567973	27922.211041	0.053273596
359	0.0	0.083333336	0.0	83.25	72.0	358999	-2.1550567	0.06864861	27993.6473899	0.05061855
360	0.0	0.0	0.0	77.15385	91.3	359999	-2.1509955	0.0716407	28078.462621	0.051557664
361	0.1	0.0625	0.1	64.5	42.7	360999	-2.1585653	0.07636647	28148.040606	0.054550126
362	0.0	0.083333336	0.0	80.583336	100.0	361999	-2.1519692	0.08122568	28241.1204391	0.058437943
363	0.0	0.14285715	0.0	71.71429	100.0	362999	-2.128541	0.07337202	28330.2744529	0.05537406
364	0.0	0.0	0.0	98.9	100.0	363999	-2.1189313	0.072379045	28411.753139	0.05142295
365	0.0	0.15384616	0.0	77.38461	90.4	364999	-2.1391225	0.07668833	28494.614404	0.05513031
366	0.2	0.0	0.2	99.4	70.6	365999	-2.1596646	0.07937228	28571.9397728	0.055433594
367	0.2	0.16666667	0.2	83.5	61.2	366999	-2.1657767	0.075741895	28642.907573	0.053850565
368	0.0	0.13333334	0.0	68.066666	90.4	367999	-2.174752	0.07503291	28723.1775899	0.052355208
369	0.0	0.083333336	0.0	81.916664	90.5	368999	-2.1836452	0.07263974	28805.7275469	0.053108368
370	0.0	0.0	0.0	90.72727	82.0	369999	-2.2019072	0.07170249	28887.2676539	0.055207267
371	0.0	0.0	0.0	99.6	90.7	370999	-2.2119648	0.071709424	28967.1664898	0.05207021
372	0.0	0.0	0.0	91.27273	100.0	371999	-2.2230024	0.07170319	29054.2828219	0.053738143
373	0.0	0.0	0.0	99.6	100.0	372999	-2.2274337	0.07497066	29136.914958	0.050128557
374	0.0	0.0	0.0	79.53846	100.0	373999	-2.23691	0.0764721	29222.6297898	0.054522544
375	0.1	0.14285715	0.1	71.92857	71.3	374999	-2.1860535	0.075286545	29298.7263858	0.054414634
376	0.0	0.0	0.0	100.0	100.0	375999	-2.187388	0.07874114	29381.3191741	0.052485604
377	0.0	0.0	0.0	95.9	100.0	376999	-2.1858387	0.0801765	29463.761965	0.05032087
378	0.1	0.0	0.1	100.0	81.0	377999	-2.1952841	0.07517777	29540.115669	0.05061937
379	0.2	0.11764706	0.2	64.64706	80.2	378999	-2.1782575	0.07366879	29618.4715919	0.051855993
380	0.1	0.083333336	0.1	75.583336	80.6	379999	-2.1321795	0.072026275	29697.422049	0.05227019
381	0.0	0.09090909	0.0	90.454544	90.6	380999	-2.0633419	0.07032974	29778.1656959	0.05227091
382	0.0	0.09090909	0.0	90.90909	100.0	381999	-2.0336652	0.072814345	29859.4656689	0.051677443
383	0.0	0.09090909	0.0	90.90909	100.0	382999	-2.0165687	0.07624872	29940.2742629	0.0519787
384	0.0	0.0	0.0	99.9	100.0	383999	-2.046529	0.07976332	30025.778337	0.052688353
385	0.0	0.09090909	0.0	91.0	100.0	384999	-2.0982246	0.08556058	30111.3331969	0.053284768
386	0.0	0.0	0.0	99.9	100.0	385999	-2.1334882	0.08822006	30198.987191	0.05462482
387	0.2	0.0	0.2	100.0	80.2	386999	-2.165122	0.09507083	30277.921056	0.05447216
388	0.1	0.083333336	0.1	83.75	80.9	387999	-2.1948307	0.097497724	30355.0973909	0.05193847
389	0.1	0.0	0.1	99.5	90.1	388999	-2.2337675	0.100871615	30437.9995918	0.053823482
390	0.0	0.0	0.0	84.166664	90.6	389999	-2.241464	0.10235966	30522.4069719	0.054944832
391	0.0	0.09090909	0.0	90.09091	90.5	390999	-2.2634284	0.100518994	30607.5500588	0.05592125
392	0.1	0.07692308	0.1	77.84615	90.1	391999	-2.2529225	0.09760004	30691.066427	0.055714358
393	0.2	0.09090909	0.2	89.818184	80.2	392999	-2.2261825	0.092324704	30771.2702348	0.054873087
394	0.2	0.0	0.2	91.36364	51.7	393999	-2.213512	0.09075861	30840.7090399	0.052541237
395	0.0	0.11764706	0.0	59.941177	71.4	394999	-2.2428725	0.0870503	30918.0925899	0.054408334
396	0.0	0.0	0.0	81.916664	90.4	395999	-2.284959	0.09285524	31003.9231448	0.05554721
397	0.0	0.0	0.0	90.545456	90.5	396999	-2.3434987	0.1019623	31080.4190059	0.05146007
398	0.0	0.0	0.0	83.666664	90.4	397999	-2.3327534	0.094006084	31157.1284189	0.04947866
399	0.0	0.0	0.0	99.2	71.2	398999	-2.2773008	0.08922296	31232.230417	0.054233167
400	0.1	0.0	0.1	68.066666	90.1	399999	-2.2600427	0.08614744	31310.273453	0.052234225
401	0.1	0.0	0.1	97.9	90.1	400999	-2.2421684	0.08327079	31392.315805	0.05351878
402	0.1	0.0	0.1	100.0	90.1	401999	-2.2170649	0.07758457	31473.9212449	0.05217716
403	0.1	0.16666667	0.1	83.5	80.6	402999	-2.1835215	0.078264706	31550.9528229	0.050844416
404	0.1	0.16666667	0.1	83.333336	80.6	403999	-2.1386783	0.07963277	31627.588244	0.051580887
405	0.0	0.0	0.0	99.8	100.0	404999	-2.1383953	0.082475476	31717.3533568	0.055173833
406	0.2	0.0	0.2	100.0	80.2	405999	-2.1342587	0.07859032	31799.102989	0.05619544
407	0.2	0.14285715	0.2	72.71429	70.7	406999	-2.1358254	0.07931739	31874.813025	0.050759684
408	0.1	0.125	0.1	62.75	71.1	407999	-2.1204731	0.080669716	31952.6901069	0.053377315
409	0.0	0.05882353	0.0	59.411766	43.3	408999	-2.0994818	0.082030796	32020.208467	0.053323157
410	0.0	0.071428575	0.0	70.42857	100.0	409999	-2.0826054	0.080806404	32109.686832	0.054385316
411	0.0	0.083333336	0.0	82.25	90.5	410999	-2.0803256	0.085039735	32189.5016999	0.050695144
412	0.0	0.0	0.0	83.75	90.5	411999	-2.0471256	0.08248227	32271.4417689	0.055317793
413	0.0	0.09090909	0.0	90.09091	100.0	412999	-2.016777	0.07886725	32353.2700889	0.051551238
414	0.1	0.0	0.1	99.9	80.6	413999	-2.0025442	0.08227734	32427.949044	0.050178576
415	0.3	0.09090909	0.3	91.0	70.3	414999	-2.0006945	0.08587386	32499.8140218	0.05187876
416	0.1	0.0	0.1	99.9	90.1	415999	-2.011064	0.09095509	32578.026793	0.050933212
417	0.0	0.0	0.0	91.36364	90.4	416999	-2.0419886	0.09346934	32655.035635	0.051647417
418	0.1	0.0	0.1	83.75	80.6	417999	-2.0546525	0.098818876	32727.4142199	0.049001776
419	0.1	0.0	0.1	91.36364	80.6	418999	-2.0756605	0.10320136	32808.4035549	0.05450998
420	0.0	0.15384616	0.0	82.38461	81.0	419999	-2.071787	0.10055743	32886.3657939	0.054245632
421	0.1	0.0	0.1	76.916664	80.5	420999	-2.0787168	0.11111459	32965.354562	0.052358024
422	0.0	0.0	0.0	83.416664	77.6	421999	-2.0917895	0.10079024	33043.909472	0.053575713
423	0.0	0.09090909	0.0	90.09091	100.0	422999	-2.1375067	0.10640738	33129.4899209	0.05524736
424	0.1	0.0	0.1	84.333336	71.2	423999	-2.2004213	0.09944877	33204.987498	0.053584848
425	0.1	0.15384616	0.1	77.69231	80.5	424999	-2.264264	0.10314831	33280.7345378	0.05156743
426	0.1	0.15384616	0.1	75.69231	80.6	425999	-2.3343532	0.10656357	33358.159034	0.05161315
427	0.2	0.09090909	0.2	90.63636	71.0	426999	-2.3831217	0.10629657	33430.213434	0.0512723
428	0.1	0.0	0.1	92.63636	90.1	427999	-2.3781743	0.1117364	33505.4040558	0.050422173
429	0.2	0.14285715	0.2	69.78571	70.7	428999	-2.3286026	0.110216886	33575.3289139	0.050163332
430	0.0	0.083333336	0.0	87.333336	81.0	429999	-2.250626	0.10583008	33649.2428749	0.05124186
431	0.0	0.0	0.0	95.2	94.3	430999	-2.1394765	0.09951802	33724.1211479	0.04825049
432	0.0	0.0	0.0	100.0	90.5	431999	-2.0601618	0.09655835	33797.0754058	0.048746124
433	0.1	0.21428572	0.1	72.5	90.1	432999	-2.027851	0.09228561	33871.595475	0.04929196
434	0.1	0.0	0.1	98.5	80.6	433999	-2.0272593	0.08989833	33942.6053798	0.04936042
435	0.0	0.0	0.0	100.0	100.0	434999	-2.0167253	0.08603364	34019.5899858	0.05020162
436	0.2	0.0	0.2	100.0	80.3	435999	-2.023492	0.08243748	34091.0788739	0.04888854
437	0.1	0.125	0.1	63.875	90.1	436999	-2.006013	0.08190241	34166.3421469	0.04958313
438	0.0	0.09090909	0.0	89.545456	86.5	437999	-1.9781272	0.07855075	34239.6181259	0.048738226
439	0.1	0.07692308	0.1	79.15385	90.1	438999	-1.9563535	0.07930938	34313.3447731	0.049228657
440	0.0	0.07692308	0.0	75.07692	90.5	439999	-1.9218998	0.08514842	34388.045099	0.049593225
441	0.0	0.09090909	0.0	89.90909	100.0	440999	-1.900417	0.08588779	34464.4462969	0.0495994
442	0.0	0.0	0.0	99.9	100.0	441999	-1.8945525	0.08532205	34542.5356469	0.0505693
443	0.1	0.16666667	0.1	83.5	90.1	442999	-1.8788201	0.08548841	34617.4019499	0.050598506
444	0.1	0.2857143	0.1	71.57143	90.1	443999	-1.8702106	0.08678644	34689.9231689	0.048136733
445	0.1	0.0	0.1	99.6	90.1	444999	-1.8613789	0.08836082	34763.7812769	0.048227455
446	0.0	0.09090909	0.0	91.0	100.0	445999	-1.8486073	0.092184894	34842.972131	0.050775275
447	0.1	0.0	0.1	99.9	83.5	446999	-1.8449539	0.09052274	34916.5717371	0.05112172
448	0.0	0.0	0.0	100.0	92.6	447999	-1.8380334	0.09240749	34990.7568009	0.04891764
449	0.1	0.09090909	0.1	91.0	90.7	448999	-1.8453878	0.091025814	35065.0177009	0.047687188
450	0.0	0.16666667	0.0	83.416664	100.0	449999	-1.8305073	0.09174249	35141.848789	0.049051743
451	0.0	0.0	0.0	90.818184	90.5	450999	-1.8203052	0.08764386	35213.9922879	0.047927972
452	0.1	0.0	0.1	91.27273	90.1	451999	-1.816793	0.0904358	35288.288975	0.048546765
453	0.0	0.0	0.0	83.833336	66.1	452999	-1.8204801	0.0912034	35355.004293	0.048926152
454	0.0	0.09090909	0.0	90.09091	90.4	453999	-1.810437	0.097130224	35428.978375	0.04991571
455	0.1	0.0	0.1	91.27273	95.6	454999	-1.7921436	0.095289305	35501.823179	0.047934875
456	0.1	0.083333336	0.1	83.416664	90.1	455999	-1.7613982	0.09297377	35572.6417339	0.048000917
457	0.0	0.09090909	0.0	90.36364	90.9	456999	-1.7387297	0.09244315	35644.996341	0.04797008
458	0.0	0.083333336	0.0	85.0	100.0	457999	-1.7355964	0.09184358	35721.133002	0.04982973
459	0.2	0.0	0.2	71.14286	51.5	458999	-1.7614077	0.0889615	35783.8852289	0.048069734
460	0.0	0.125	0.0	63.0	71.3	459999	-1.8000497	0.09255135	35854.6772039	0.051405158
461	0.0	0.0	0.0	66.666664	90.5	460999	-1.8212215	0.09435275	35927.9661338	0.047937084
462	0.1	0.0	0.1	82.0	80.5	461999	-1.8430426	0.095632486	35998.5731781	0.04913906
463	0.0	0.0	0.0	83.25	80.9	462999	-1.870038	0.09778182	36069.6953149	0.048736
464	0.0	0.16666667	0.0	82.833336	100.0	463999	-1.9273242	0.10020509	36147.39219	0.049839538
465	0.0	0.09090909	0.0	90.818184	100.0	464999	-2.029783	0.104224935	36222.2971458	0.048486054
466	0.0	0.0	0.0	78.0	90.5	465999	-2.0971735	0.108703494	36295.122997	0.04872576
467	0.0	0.06666667	0.0	66.933334	90.5	466999	-2.1322896	0.117089696	36367.302974	0.048561044
468	0.0	0.23529412	0.0	58.82353	100.0	467999	-2.1954863	0.11934972	36442.37045	0.049149904
469	0.1	0.07692308	0.1	76.23077	71.4	468999	-2.2449512	0.12976497	36510.4250059	0.047921486
470	0.0	0.083333336	0.0	83.416664	90.5	469999	-2.2589855	0.13085346	36585.6306338	0.04914385
471	0.2	0.13333334	0.2	67.13333	61.6	470999	-2.2941668	0.13385943	36653.40079	0.04924586
472	0.1	0.0	0.1	90.083336	71.1	471999	-2.3251278	0.13184714	36724.012579	0.05039181
473	0.0	0.09090909	0.0	90.545456	81.0	472999	-2.3220537	0.13625866	36798.500298	0.05152559
474	0.1	0.07692308	0.1	70.46154	80.6	473999	-2.3320282	0.13530935	36872.9744399	0.050395906
475	0.1	0.0	0.1	90.36364	71.1	474999	-2.3560817	0.13292664	36942.946054	0.04973783
476	0.1	0.15384616	0.1	77.07692	90.1	475999	-2.3944013	0.13637964	37019.4955459	0.049591705
477	0.1	0.0	0.1	99.3	90.1	476999	-2.4489708	0.14020142	37092.804193	0.048419535
478	0.1	0.0	0.1	100.0	90.1	477999	-2.4878511	0.14683245	37167.531193	0.05008567
479	0.2	0.0	0.2	100.0	80.2	478999	-2.5163293	0.1517536	37240.303725	0.05081482
480	0.1	0.23076923	0.1	77.15385	90.1	479999	-2.5042825	0.15290369	37315.177058	0.050165195
481	0.1	0.0	0.1	99.7	90.1	480999	-2.5071504	0.15334468	37393.337939	0.051459894
482	0.0	0.09090909	0.0	91.0	100.0	481999	-2.5592434	0.16641593	37474.377651	0.049515642
483	0.0	0.0	0.0	99.9	100.0	482999	-2.678381	0.21488187	37554.945472	0.049813535
484	0.1	0.0	0.1	100.0	90.1	483999	-2.8164854	0.23787951	37630.7460449	0.050218277
485	0.2	0.09090909	0.2	91.0	80.2	484999	-2.8369596	0.20818841	37707.6564178	0.05233372
486	0.0	0.0	0.0	99.9	100.0	485999	-2.7412865	0.19907123	37787.9149599	0.05237618
487	0.0	0.09090909	0.0	91.0	90.8	486999	-2.5878272	0.18996713	37863.9847059	0.050271437
488	0.0	0.09090909	0.0	90.90909	100.0	487999	-2.4301069	0.17561242	37944.676775	0.049879264
489	0.0	0.0	0.0	99.9	96.6	488999	-2.323011	0.16563837	38020.372097	0.049703993
490	0.0	0.0	0.0	100.0	100.0	489999	-2.2210765	0.16322641	38099.823163	0.051578857
491	0.0	0.0	0.0	100.0	100.0	490999	-2.2204747	0.16622122	38176.200233	0.049925186
492	0.0	0.09090909	0.0	91.0	100.0	491999	-2.2272074	0.1739334	38257.0928819	0.051333595
493	0.1	0.0	0.1	91.454544	80.9	492999	-2.2309318	0.1719162	38331.6549258	0.051482428
494	0.2	0.055555556	0.2	57.27778	61.2	493999	-2.2043607	0.16108426	38401.509855	0.053488955
495	0.0	0.0625	0.0	62.125	71.5	494999	-2.1889224	0.16138506	38473.0083039	0.050973594
496	0.0	0.05882353	0.0	58.764706	81.0	495999	-2.1827662	0.16558902	38546.7551019	0.051945675
497	0.2	0.0	0.2	53.42105	61.3	496999	-2.208252	0.17286967	38618.066853	0.05348854
498	0.0	0.0	0.0	80.333336	81.0	497999	-2.2656462	0.16840011	38692.3400939	0.05170103
499	0.0	0.06666667	0.0	67.4	62.0	498999	-2.2743106	0.16676368	38759.5878959	0.04849812
500	0.0	0.125	0.0	62.8125	66.6	499999	-2.2733374	0.17147087	38829.1736109	0.04940757
501	0.1	0.06666667	0.1	69.2	76.9	500999	-2.2615108	0.172888	38907.7182	0.054271422
502	0.1	0.083333336	0.1	78.5	90.1	501999	-2.264838	0.17012706	38990.9195399	0.05454871
503	0.2	0.1	0.2	99.4	71.5	502999	-2.220876	0.16560172	39065.7809711	0.052262697
504	0.1	0.0	0.1	84.583336	81.5	503999	-2.173812	0.15930222	39146.5466719	0.05410994
505	0.0	0.07692308	0.0	78.84615	90.6	504999	-2.1543941	0.16024427	39228.2311819	0.05422252
506	0.0	0.1764706	0.0	59.17647	100.0	505999	-2.1377597	0.16818774	39319.411294	0.058381617
507	0.0	0.0	0.0	95.4	90.9	506999	-2.125445	0.16388665	39405.551856	0.054288458
508	0.0	0.083333336	0.0	84.5	100.0	507999	-2.10647	0.15781075	39495.0203729	0.05620146
509	0.1	0.16666667	0.1	82.333336	80.7	508999	-2.0725312	0.15212859	39574.91729	0.053272273
510	0.1	0.0	0.1	91.36364	80.6	509999	-2.071083	0.15876983	39657.9487519	0.056498203
511	0.1	0.0	0.1	72.71429	80.9	510999	-2.0588098	0.15643185	39737.19631	0.053194627
512	0.0	0.0	0.0	89.0	100.0	511999	-2.078436	0.16254449	39828.9897459	0.0563071
513	0.1	0.0	0.1	78.53846	71.1	512999	-2.1308072	0.15791757	39909.550133	0.056095064
514	0.0	0.23076923	0.0	75.23077	90.4	513999	-2.2337604	0.17234534	39993.387934	0.052643653
515	0.0	0.083333336	0.0	83.5	52.6	514999	-2.3065753	0.17657232	40068.8997998	0.058548667
516	0.1	0.0	0.1	77.61539	74.5	515999	-2.303027	0.17016488	40149.4987509	0.056219004
517	0.0	0.071428575	0.0	71.64286	81.1	516999	-2.2602103	0.16787174	40230.4172258	0.055423763
518	0.0	0.0	0.0	76.76923	100.0	517999	-2.1922076	0.16830575	40313.0948129	0.05068778
519	0.2	0.21428572	0.2	72.71429	80.2	518999	-2.1770244	0.1677007	40385.9474239	0.049993195
520	0.0	0.0	0.0	83.75	91.6	519999	-2.1515872	0.16222277	40468.9671919	0.054182153
521	0.0	0.0	0.0	81.0	100.0	520999	-2.1274257	0.1634773	40552.51808	0.050730027
522	0.0	0.09090909	0.0	90.09091	100.0	521999	-2.1266115	0.16673654	40639.690423	0.05604302
523	0.0	0.07692308	0.0	78.76923	100.0	522999	-2.151804	0.16411938	40724.786931	0.05393865
524	0.0	0.0	0.0	97.5	100.0	523999	-2.1421666	0.1675754	40814.5277588	0.054933794
525	0.1	0.083333336	0.1	83.833336	90.1	524999	-2.1633794	0.16603902	40896.759721	0.053038854
526	0.0	0.125	0.0	68.125	71.4	525999	-2.2048936	0.17570254	40973.9595339	0.053359773
527	0.0	0.071428575	0.0	68.85714	100.0	526999	-2.2321103	0.19268219	41055.0361099	0.052748665
528	0.0	0.0	0.0	78.92308	81.0	527999	-2.2656875	0.19268572	41133.847003	0.05411631
529	0.0	0.05	0.0	48.2	52.5	528999	-2.308892	0.19765674	41199.354265	0.050095785
530	0.2	0.06666667	0.2	64.73333	52.7	529999	-2.3121307	0.18605839	41264.9363389	0.049939703
531	0.0	0.18181819	0.0	32.515152	42.8	530999	-2.3300087	0.18690898	41330.9901919	0.052170087
532	0.2	0.04347826	0.2	41.95652	27.2	531999	-2.2648778	0.18223074	41392.2725389	0.053549737
533	0.1	0.15	0.1	49.35	42.9	532999	-2.1858478	0.175273	41457.9856009	0.052174587
534	0.0	0.0	0.0	74.30769	61.9	533999	-2.1217823	0.1771525	41531.44262	0.053336214
535	0.0	0.05263158	0.0	54.57895	61.9	534999	-2.0748293	0.17138353	41604.196605	0.053717047
536	0.1	0.083333336	0.1	80.666664	90.1	535999	-2.0187614	0.17542975	41685.5804179	0.052401423
537	0.2	0.0	0.2	82.833336	70.7	536999	-1.9576845	0.16676605	41765.519722	0.055855468
538	0.1	0.15384616	0.1	80.0	71.3	537999	-1.9241967	0.1623539	41840.8339689	0.051559314
539	0.2	0.23076923	0.2	73.46154	61.6	538999	-1.880855	0.16167894	41912.966464	0.0535275
540	0.0	0.07692308	0.0	77.30769	81.0	539999	-1.8516414	0.15800484	41992.2115149	0.054713424
541	0.0	0.0625	0.0	64.25	71.5	540999	-1.845783	0.16138895	42070.365294	0.05472288
542	0.2	0.16666667	0.2	54.944443	32.6	541999	-1.8708906	0.16049378	42130.8228779	0.050901443
543	0.2	0.11764706	0.2	59.52941	61.0	542999	-1.8466262	0.1668817	42203.9408309	0.0537943
544	0.2	0.0	0.2	70.07143	63.2	543999	-1.8421333	0.16775043	42275.36327	0.053770307
545	0.2	0.1875	0.2	62.25	70.7	544999	-1.8556299	0.17489822	42351.950567	0.05481682
546	0.0	0.083333336	0.0	83.083336	80.9	545999	-1.8821616	0.18208332	42428.8238111	0.052330427
547	0.1	0.07692308	0.1	77.84615	80.6	546999	-1.9140778	0.17985865	42503.6686809	0.051745612
548	0.0	0.07692308	0.0	76.07692	62.0	547999	-1.9558113	0.19120823	42573.8455009	0.051710073
549	0.2	0.07692308	0.2	77.23077	70.6	548999	-1.9571186	0.1917623	42645.232986	0.050674167
550	0.0	0.1	0.0	98.1	100.0	549999	-1.9953852	0.20244001	42728.8643229	0.05298639
551	0.0	0.0	0.0	86.25	100.0	550999	-2.050402	0.22055851	42814.4129579	0.05393492
552	0.0	0.083333336	0.0	84.333336	90.5	551999	-2.1413708	0.2788015	42897.386555	0.055426545
553	0.0	0.0	0.0	87.09091	80.8	552999	-2.4181094	0.437439	42978.4141829	0.053134356
554	0.0	0.0	0.0	91.181816	85.6	553999	-2.7292655	0.4551368	43058.0146999	0.05398205
555	0.0	0.0	0.0	84.416664	90.4	554999	-2.6997623	0.44335872	43141.7283208	0.05385221
556	0.1	0.083333336	0.1	82.166664	90.1	555999	-2.6626883	0.36438048	43224.1673269	0.05225862
557	0.2	0.14285715	0.2	71.78571	42.4	556999	-2.5593858	0.3651682	43287.263464	0.05124105
558	0.1	0.06666667	0.1	67.6	80.7	557999	-2.4281132	0.31743827	43360.1825249	0.050558794
559	0.0	0.0	0.0	91.90909	90.6	558999	-2.3287983	0.31615487	43439.3995779	0.051924102
560	0.0	0.0	0.0	96.3	100.0	559999	-2.2278724	0.29187554	43523.144697	0.052382853
561	0.1	0.0	0.1	100.0	90.1	560999	-2.161674	0.2724719	43601.6296539	0.05220382
562	0.1	0.0	0.1	100.0	90.1	561999	-2.0745447	0.27710223	43686.4111199	0.054245472
563	0.0	0.0	0.0	100.0	89.9	562999	-2.0113647	0.25037077	43765.212321	0.051636197
564	0.0	0.0	0.0	77.84615	71.2	563999	-1.9656371	0.23629461	43836.0548959	0.049312025
565	0.0	0.0	0.0	98.8	100.0	564999	-1.9654255	0.23033777	43915.8362679	0.051658165
566	0.0	0.0	0.0	100.0	90.6	565999	-1.9875	0.2269958	43993.196806	0.051251017
567	0.0	0.0	0.0	100.0	100.0	566999	-2.0225759	0.20954797	44071.6825299	0.04954806
568	0.0	0.083333336	0.0	83.833336	90.6	567999	-2.0580857	0.2051723	44145.6323769	0.04862896
569	0.0	0.0	0.0	77.76923	100.0	568999	-2.040159	0.21057904	44222.7127399	0.048994627
570	0.2	0.0	0.2	98.3	70.8	569999	-2.0206158	0.22272229	44289.488265	0.04727424
571	0.1	0.0	0.1	100.0	90.1	570999	-2.0034454	0.21718554	44363.890336	0.049328327
572	0.0	0.1	0.0	100.0	100.0	571999	-1.9839633	0.21634476	44438.0560479	0.048689988
573	0.0	0.09090909	0.0	91.0	100.0	572999	-2.0188797	0.23003583	44512.873759	0.048812337
574	0.0	0.09090909	0.0	90.90909	100.0	573999	-2.047141	0.23280622	44587.6557789	0.048149917
575	0.0	0.0	0.0	99.9	100.0	574999	-2.0667899	0.2505241	44662.5886159	0.047605705
576	0.1	0.0	0.1	100.0	90.1	575999	-2.093488	0.2686998	44735.724396	0.047686204
577	0.0	0.0	0.0	100.0	91.0	576999	-2.1016853	0.2857786	44810.3770039	0.049694065
578	0.0	0.0	0.0	100.0	92.6	577999	-2.1580143	0.26556146	44883.6251888	0.048401926
579	0.0	0.0	0.0	100.0	100.0	578999	-2.1935658	0.26859587	44958.291889	0.0485728
580	0.0	0.0	0.0	100.0	100.0	579999	-2.2573864	0.28665468	45032.8012319	0.04880274
581	0.1	0.0	0.1	100.0	90.1	580999	-2.310354	0.28298682	45104.9298608	0.04791545
582	0.0	0.09090909	0.0	91.0	100.0	581999	-2.387729	0.29258862	45183.254468	0.05067027
583	0.0	0.0	0.0	99.9	100.0	582999	-2.4459245	0.30526355	45257.5137579	0.047744714
584	0.0	0.23076923	0.0	77.15385	100.0	583999	-2.470501	0.3270026	45332.52353	0.048328172
585	0.1	0.16666667	0.1	83.25	90.1	584999	-2.5075154	0.34952664	45404.4638488	0.04827163
586	0.0	0.0	0.0	99.8	100.0	585999	-2.551479	0.34067506	45481.3888049	0.049295172
587	0.0	0.0	0.0	100.0	100.0	586999	-2.5958807	0.3433934	45561.4910479	0.04932344
588	0.0	0.0	0.0	100.0	100.0	587999	-2.617894	0.33728454	45640.0783041	0.04925992
589	0.1	0.09090909	0.1	91.0	90.1	588999	-2.6275792	0.3334324	45715.810112	0.050790183
590	0.2	0.16666667	0.2	83.416664	80.2	589999	-2.6321244	0.3573728	45788.3454108	0.04887023
591	0.2	0.0	0.2	99.8	80.2	590999	-2.6723301	0.34543648	45862.7190409	0.050663292
592	0.0	0.0	0.0	100.0	100.0	591999	-2.667564	0.34663543	45946.067847	0.052932188
593	0.0	0.0	0.0	100.0	100.0	592999	-2.6430938	0.3456614	46030.6348701	0.051671192
594	0.1	0.09090909	0.1	91.0	90.1	593999	-2.5436726	0.3265257	46114.001087	0.05258587
595	0.0	0.09090909	0.0	90.90909	100.0	594999	-2.4510403	0.3271047	46197.9481509	0.05427436
596	0.1	0.09090909	0.1	90.90909	90.1	595999	-2.3289971	0.30024576	46282.7614529	0.056380678
597	0.1	0.0	0.1	99.9	90.1	596999	-2.222124	0.29629976	46365.9969299	0.05414405
598	0.0	0.18181819	0.0	91.0	100.0	597999	-2.1380658	0.28017676	46448.53704	0.05198373
599	0.2	0.0	0.2	99.9	70.8	598999	-2.0880332	0.26337	46524.146734	0.054366942
600	0.1	0.1	0.1	100.0	90.1	599999	-2.0670831	0.27678287	46603.682848	0.05296534
601	0.1	0.09090909	0.1	91.0	90.1	600999	-2.0671144	0.2650786	46684.853055	0.05188703
602	0.0	0.0	0.0	99.9	100.0	601999	-2.0759683	0.27242565	46768.9584939	0.05312329
603	0.2	0.09090909	0.2	91.0	77.4	602999	-2.0796921	0.28573105	46844.2362599	0.05062958
604	0.0	0.25	0.0	83.416664	100.0	603999	-2.0632358	0.28840846	46929.1422489	0.053831197
605	0.2	0.0	0.2	99.8	80.2	604999	-2.1059785	0.29407263	47010.9843059	0.055503935
606	0.0	0.0	0.0	100.0	100.0	605999	-2.1454854	0.2851897	47101.9476399	0.054625437
607	0.1	0.0	0.1	100.0	90.1	606999	-2.1806235	0.28767285	47183.184947	0.05121105
608	0.0	0.09090909	0.0	91.0	100.0	607999	-2.134869	0.28267902	47266.6156299	0.05359443
609	0.0	0.09090909	0.0	90.90909	100.0	608999	-2.1105483	0.29509023	47351.0806708	0.051106263
610	0.2	0.09090909	0.2	90.90909	80.2	609999	-2.2090962	0.2985626	47433.737689	0.05542962
611	0.0	0.16666667	0.0	84.0	100.0	610999	-2.3814175	0.34023634	47518.4459178	0.05632187
612	0.0	0.0	0.0	99.1	100.0	611999	-2.4794755	0.40024877	47608.7761929	0.05549647
613	0.2	0.0	0.2	100.0	72.2	612999	-2.4677186	0.35725018	47687.0027599	0.055933904
614	0.1	0.0	0.1	100.0	90.1	613999	-2.462653	0.33659375	47771.2328498	0.054264627
615	0.1	0.0	0.1	100.0	90.1	614999	-2.400761	0.32145545	47853.4343219	0.053550083
616	0.1	0.0	0.1	91.36364	90.1	615999	-2.3011265	0.29957277	47937.0333629	0.05440817
617	0.1	0.0	0.1	99.5	90.1	616999	-2.2355747	0.3097289	48022.672569	0.05609179
618	0.1	0.0	0.1	100.0	90.1	617999	-2.1895306	0.30533525	48102.9262259	0.053891726
619	0.0	0.0	0.0	91.36364	100.0	618999	-2.1353793	0.29622987	48186.0509839	0.051400956
620	0.0	0.16666667	0.0	83.083336	100.0	619999	-2.0520093	0.3009986	48266.8011699	0.05165317
621	0.0	0.26666668	0.0	67.13333	92.4	620999	-1.9947075	0.28854242	48347.9414999	0.053033415
622	0.0	0.0	0.0	83.416664	100.0	621999	-1.9218241	0.29172987	48425.7508938	0.049445156
623	0.0	0.0	0.0	99.0	100.0	622999	-1.9127383	0.27830023	48509.0279129	0.049937777
624	0.1	0.09090909	0.1	91.0	90.1	623999	-1.9043095	0.27449083	48587.457643	0.05097905
625	0.2	0.0	0.2	99.9	80.2	624999	-1.8912818	0.29146063	48661.3731229	0.051070023
626	0.0	0.0	0.0	100.0	100.0	625999	-1.9058458	0.28220192	48742.695889	0.05094942
627	0.1	0.0	0.1	91.36364	80.7	626999	-1.9366665	0.27316955	48814.6856809	0.04976022
628	0.0	0.0	0.0	99.5	100.0	627999	-1.9699339	0.27366507	48895.4907639	0.051453914
629	0.1	0.09090909	0.1	91.0	90.1	628999	-2.0754144	0.27897152	48972.7916	0.050901856
630	0.1	0.0	0.1	99.9	80.6	629999	-2.1211476	0.27961555	49050.071609	0.051236466
631	0.1	0.0	0.1	100.0	90.1	630999	-2.116766	0.2865548	49131.7919641	0.053603813
632	0.1	0.0	0.1	100.0	90.1	631999	-2.1228015	0.28683117	49212.574728	0.05088578
633	0.2	0.0	0.2	100.0	80.2	632999	-2.1295269	0.28737906	49293.106411	0.055829555
634	0.1	0.0	0.1	100.0	90.1	633999	-2.1095533	0.29407537	49374.3178589	0.052895527
635	0.1	0.09090909	0.1	91.0	82.3	634999	-2.1050122	0.28381255	49450.260484	0.052421853
636	0.0	0.16666667	0.0	83.416664	71.5	635999	-2.1310694	0.30030128	49524.846174	0.05350972
637	0.0	0.0	0.0	64.29412	90.5	636999	-2.1332543	0.2814759	49600.8330419	0.050691567
638	0.0	0.0	0.0	77.333336	71.7	637999	-2.1318567	0.2823094	49672.686456	0.05031223
639	0.1	0.0	0.1	67.0	71.3	638999	-2.168459	0.30026892	49743.9112968	0.04978635
640	0.0	0.0	0.0	82.333336	81.2	639999	-2.2519968	0.34212348	49817.879514	0.049988784
641	0.0	0.06666667	0.0	67.0	89.6	640999	-2.6052494	0.53533506	49894.165731	0.04985331
642	0.0	0.0	0.0	97.9	90.6	641999	-2.8466554	0.61508864	49973.0985539	0.05097505
643	0.0	0.0	0.0	91.36364	100.0	642999	-2.5218985	0.5248613	50055.890789	0.051781602
644	0.1	0.09090909	0.1	90.545456	90.1	643999	-2.2420654	0.40967816	50134.9840388	0.05200808
645	0.1	0.0	0.1	99.9	90.1	644999	-2.1149478	0.3317178	50211.88467	0.050416425
646	0.0	0.18181819	0.0	91.0	100.0	645999	-2.0782979	0.32513458	50292.3330579	0.050511114
647	0.0	0.0	0.0	99.9	100.0	646999	-2.059	0.296268	50372.249733	0.050110344
648	0.0	0.0	0.0	100.0	100.0	647999	-2.00956	0.28571233	50452.800596	0.049957912
649	0.0	0.083333336	0.0	87.083336	100.0	648999	-1.9499735	0.28214914	50534.8353219	0.051005624
650	0.0	0.09090909	0.0	86.90909	100.0	649999	-1.9161655	0.27451453	50612.9669271	0.04916067
651	0.1	0.09090909	0.1	90.90909	80.7	650999	-1.9418865	0.2709046	50687.1353118	0.051712714
652	0.0	0.0	0.0	99.9	100.0	651999	-1.9628136	0.27412915	50765.846081	0.051444095
653	0.0	0.23076923	0.0	77.15385	100.0	652999	-1.9805894	0.29369214	50845.0615139	0.052014187
654	0.0	0.16666667	0.0	83.25	100.0	653999	-2.005453	0.3047564	50924.4756088	0.05114049
655	0.0	0.0	0.0	99.8	100.0	654999	-2.0522203	0.31593215	51005.3342819	0.05177784
656	0.1	0.0	0.1	100.0	80.7	655999	-2.108789	0.3238208	51081.5260549	0.052448265
657	0.0	0.0	0.0	100.0	90.5	656999	-2.150207	0.3429869	51159.882973	0.051849727
658	0.0	0.21428572	0.0	71.92857	100.0	657999	-2.1811802	0.36262512	51241.4817829	0.05330406
659	0.0	0.0	0.0	99.3	100.0	658999	-2.1884656	0.38713256	51321.3219929	0.052005637
660	0.0	0.09090909	0.0	91.0	100.0	659999	-2.1649694	0.37308434	51405.109282	0.05275606
661	0.0	0.16666667	0.0	83.416664	100.0	660999	-2.1849318	0.4430326	51490.8032448	0.054050226
662	0.1	0.0	0.1	99.8	90.1	661999	-2.5203187	0.69026345	51573.5264668	0.053703964
663	0.0	0.09090909	0.0	91.0	100.0	662999	-3.1684957	1.1158636	51662.730454	0.055625357
664	0.0	0.2857143	0.0	71.64286	100.0	663999	-3.3012424	1.2311445	51749.483228	0.05690491
665	0.0	0.16666667	0.0	83.166664	100.0	664999	-3.2373426	0.8911238	51838.005713	0.05638546
666	0.2	0.16666667	0.2	83.333336	80.2	665999	-3.1884983	0.7795295	51921.679013	0.056387473
667	0.1	0.0	0.1	99.8	90.1	666999	-2.9680398	0.6273643	52006.5476089	0.054942463
668	0.0	0.0	0.0	100.0	100.0	667999	-2.784901	0.54945153	52089.4816639	0.053258147
669	0.0	0.0	0.0	100.0	100.0	668999	-2.6865468	0.47244537	52175.9858871	0.0528868
670	0.0	0.09090909	0.0	91.0	100.0	669999	-2.6095798	0.46320993	52258.850215	0.05282736
671	0.0	0.09090909	0.0	90.90909	100.0	670999	-2.4773571	0.41583818	52347.391762	0.055799138
672	0.0	0.09090909	0.0	90.90909	100.0	671999	-2.3279653	0.39130157	52434.339463	0.055314627
673	0.0	0.083333336	0.0	84.833336	100.0	672999	-2.2181773	0.37527695	52519.3826339	0.05499714
674	0.1	0.0	0.1	98.1	90.1	673999	-2.065225	0.34923366	52600.9771249	0.054908022
675	0.1	0.09090909	0.1	91.0	90.1	674999	-1.9504424	0.33136818	52683.946811	0.05451854
676	0.2	0.0	0.2	99.9	80.2	675999	-1.889097	0.31229204	52764.8345559	0.056312308
677	0.0	0.0	0.0	100.0	100.0	676999	-1.8346816	0.30300337	52852.4198148	0.05576602
678	0.0	0.16666667	0.0	83.5	100.0	677999	-1.7922833	0.29704395	52941.923157	0.057391122
679	0.0	0.0	0.0	99.8	100.0	678999	-1.7832044	0.29606518	53028.228512	0.055580936
680	0.0	0.0	0.0	100.0	100.0	679999	-1.7867843	0.28981394	53114.1398139	0.05363928
681	0.1	0.16666667	0.1	83.5	90.1	680999	-1.8004833	0.2741059	53195.2514589	0.054446165
682	0.1	0.09090909	0.1	90.818184	61.6	681999	-1.7946738	0.2727339	53266.383322	0.053073272
683	0.1	0.083333336	0.1	83.75	61.6	682999	-1.8043479	0.2823667	53335.9710519	0.052471478
684	0.0	0.0	0.0	90.818184	71.6	683999	-1.7837136	0.30297932	53408.1771419	0.051839124
685	0.0	0.0	0.0	99.5	100.0	684999	-1.7855527	0.29968798	53487.2981908	0.05205774
686	0.0	0.0	0.0	78.0	81.0	685999	-1.7487639	0.3030443	53559.4830101	0.05088455
687	0.0	0.09090909	0.0	89.72727	62.0	686999	-1.7108886	0.3011248	53627.9021089	0.050811883
688	0.0	0.1875	0.0	63.5625	90.5	687999	-1.7613807	0.30785322	53704.9998319	0.0514392
689	0.0	0.0	0.0	82.666664	90.5	688999	-1.7587483	0.28278843	53780.582963	0.050792012
690	0.1	0.07692308	0.1	77.0	90.1	689999	-1.7660769	0.27377972	53857.788831	0.052015807
691	0.1	0.14285715	0.1	71.5	61.5	690999	-1.7844359	0.2644195	53925.5046659	0.05037599
692	0.1	0.0	0.1	98.8	90.1	691999	-1.8216757	0.26266578	54001.6036229	0.05024568
693	0.0	0.1	0.0	100.0	100.0	692999	-1.8346195	0.2534839	54080.159147	0.049390156
694	0.0	0.0	0.0	100.0	100.0	693999	-1.8337563	0.25931674	54158.532264	0.050742622
695	0.1	0.23076923	0.1	77.15385	74.6	694999	-1.8209829	0.25925258	54231.4733191	0.052552782
696	0.1	0.23076923	0.1	77.23077	90.1	695999	-1.7858797	0.24559332	54309.836756	0.05194944
697	0.0	0.0	0.0	90.72727	100.0	696999	-1.7967861	0.24950355	54390.616653	0.05301094
698	0.1	0.0	0.1	99.5	71.1	697999	-1.8686284	0.2545881	54464.083674	0.05273934
699	0.1	0.0	0.1	100.0	74.4	698999	-1.8872448	0.2538578	54538.505718	0.053191375
700	0.1	0.0	0.1	100.0	90.1	699999	-1.8633237	0.26591897	54616.7778869	0.052412607
701	0.3	0.071428575	0.3	72.64286	42.3	700999	-1.8866369	0.26300058	54683.227555	0.05263611
702	0.0	0.18181819	0.0	89.454544	100.0	701999	-1.8712581	0.260685	54766.706075	0.053908363
703	0.0	0.0	0.0	99.9	100.0	702999	-1.8825073	0.26659992	54850.6818919	0.054191716
704	0.0	0.09090909	0.0	91.0	98.1	703999	-1.89474	0.27356085	54933.2077949	0.05241498
705	0.0	0.0	0.0	99.9	100.0	704999	-1.8982387	0.26997042	55015.0191128	0.053330254
706	0.0	0.09090909	0.0	91.0	100.0	705999	-1.9249023	0.2792273	55098.3935599	0.054240406
707	0.0	0.09090909	0.0	90.90909	100.0	706999	-1.8975767	0.28202066	55182.2198029	0.054264657
708	0.0	0.0	0.0	99.9	100.0	707999	-1.8600212	0.27101898	55265.676424	0.05303642
709	0.0	0.0	0.0	100.0	100.0	708999	-1.8556911	0.27004418	55350.610208	0.05296263
710	0.1	0.09090909	0.1	91.0	90.1	709999	-1.8675908	0.2805768	55430.8611219	0.053457506
711	0.0	0.09090909	0.0	90.90909	81.1	710999	-1.8670257	0.26416194	55511.496166	0.056064602
712	0.0	0.0	0.0	99.9	100.0	711999	-1.8706812	0.2638526	55595.2306468	0.053675048
713	0.0	0.0	0.0	91.27273	90.5	712999	-1.8732018	0.24955288	55676.188895	0.053326182
714	0.0	0.09090909	0.0	90.63636	100.0	713999	-1.8668938	0.24446619	55758.0212259	0.052373268
715	0.0	0.0	0.0	91.27273	100.0	714999	-1.8545406	0.2531808	55844.106909	0.054419298
716	0.2	0.09090909	0.2	90.545456	80.2	715999	-1.8035852	0.25129047	55921.6383369	0.052292835
717	0.2	0.0	0.2	99.9	70.8	716999	-1.7703462	0.25081685	55994.3466859	0.052242648
718	0.1	0.083333336	0.1	83.75	80.6	717999	-1.7593035	0.2530945	56072.1426969	0.053643767
719	0.1	0.0	0.1	99.5	90.1	718999	-1.7716233	0.26391125	56148.997592	0.05208827
720	0.1	0.0	0.1	100.0	90.1	719999	-1.8068018	0.2527946	56228.4639249	0.053127363
721	0.1	0.0	0.1	91.36364	90.1	720999	-1.8192323	0.25790843	56309.949338	0.054233283
722	0.0	0.0	0.0	90.818184	100.0	721999	-1.8133451	0.2503559	56391.5625689	0.053196948
723	0.1	0.07692308	0.1	83.23077	90.1	722999	-1.8014414	0.25475565	56472.130203	0.05410038
724	0.0	0.0	0.0	84.72727	90.4	723999	-1.8683908	0.2711329	56553.878587	0.053501327
725	0.0	0.0	0.0	98.2	100.0	724999	-1.8422886	0.27223003	56638.8749499	0.0542316
726	0.1	0.09090909	0.1	91.0	90.1	725999	-1.7960327	0.26173016	56719.6724849	0.053186715
727	0.0	0.09090909	0.0	91.27273	100.0	726999	-1.687944	0.25501564	56805.553854	0.054583956
728	0.0	0.0	0.0	90.90909	90.4	727999	-1.6447288	0.24951284	56887.8981268	0.054162014
729	0.1	0.083333336	0.1	83.416664	80.2	728999	-1.5961963	0.24361731	56967.0581188	0.054530602
730	0.1	0.0	0.1	72.21429	80.6	729999	-1.5872763	0.24173704	57044.850425	0.054421373
731	0.0	0.071428575	0.0	71.35714	81.0	730999	-1.5834988	0.2463537	57120.803093	0.051588215
732	0.2	0.0	0.2	71.666664	70.7	731999	-1.6024067	0.2443171	57197.869828	0.055216424
733	0.1	0.11764706	0.1	55.117645	71.1	732999	-1.6395388	0.2393613	57272.9446619	0.054089215
734	0.1	0.09090909	0.1	88.454544	80.6	733999	-1.6582355	0.22883166	57349.2636769	0.052811965
735	0.0	0.0625	0.0	66.25	100.0	734999	-1.6630428	0.22877972	57431.3343539	0.052820146
736	0.0	0.0	0.0	85.818184	84.2	735999	-1.6472456	0.22768383	57509.5619669	0.053885095
737	0.1	0.0	0.1	77.61539	80.6	736999	-1.6048416	0.22376138	57585.284723	0.05270292
738	0.0	0.16666667	0.0	82.666664	100.0	737999	-1.549387	0.21862231	57667.102674	0.052482773
739	0.2	0.0	0.2	99.4	80.2	738999	-1.5274985	0.21537288	57740.271544	0.05174032
740	0.0	0.0	0.0	100.0	100.0	739999	-1.5263749	0.2099708	57820.032769	0.051922485
741	0.0	0.16666667	0.0	83.5	100.0	740999	-1.5014341	0.21160465	57901.1533868	0.052716512
742	0.0	0.09090909	0.0	90.818184	100.0	741999	-1.484712	0.20661373	57980.8551919	0.051697746
743	0.0	0.09090909	0.0	90.90909	100.0	742999	-1.4859068	0.20973606	58060.7717159	0.051823776
744	0.1	0.09090909	0.1	90.90909	90.1	743999	-1.5215166	0.20786893	58137.726748	0.051576722
745	0.1	0.1	0.1	99.9	90.1	744999	-1.5323032	0.2015919	58215.5782919	0.052769024
746	0.0	0.0	0.0	100.0	100.0	745999	-1.5189534	0.19453384	58294.711704	0.051256627
747	0.0	0.0	0.0	100.0	100.0	746999	-1.5397993	0.1974023	58375.2053409	0.05208199
748	0.0	0.0	0.0	100.0	100.0	747999	-1.582651	0.2002683	58455.424371	0.05235334
749	0.2	0.0	0.2	100.0	80.2	748999	-1.6209506	0.19957282	58530.23803	0.051613584
750	0.1	0.09090909	0.1	91.0	90.1	749999	-1.651072	0.20199165	58606.632216	0.05138353
751	0.1	0.09090909	0.1	90.90909	90.1	750999	-1.6776017	0.20366998	58683.503222	0.052015122
752	0.1	0.09090909	0.1	90.90909	90.1	751999	-1.6770909	0.19424036	58761.8106589	0.05200956
753	0.0	0.1	0.0	99.9	100.0	752999	-1.696	0.19614495	58841.453568	0.051134102
754	0.0	0.09090909	0.0	91.0	100.0	753999	-1.7272863	0.1840399	58921.459481	0.052074693
755	0.1	0.083333336	0.1	84.083336	90.1	754999	-1.721369	0.18608914	58998.3413789	0.051913716
756	0.0	0.16666667	0.0	82.666664	100.0	755999	-1.6733084	0.18680067	59076.7843149	0.051065452
757	0.0	0.0	0.0	99.8	100.0	756999	-1.6672958	0.19239719	59156.1902809	0.051931515
758	0.0	0.0	0.0	95.36364	100.0	757999	-1.6416076	0.19018242	59235.7717159	0.05231202
759	0.0	0.09090909	0.0	86.545456	100.0	758999	-1.6207371	0.18115623	59315.180346	0.05154849
760	0.0	0.16666667	0.0	83.416664	100.0	759999	-1.5948668	0.18432514	59394.643296	0.051437493
761	0.0	0.0	0.0	99.8	100.0	760999	-1.5419624	0.1752103	59473.513449	0.0505961
762	0.0	0.0	0.0	100.0	100.0	761999	-1.5159309	0.17008573	59552.6636429	0.051016744
763	0.1	0.0	0.1	100.0	90.1	762999	-1.5224767	0.18139608	59629.8625638	0.05246605
764	0.0	0.16666667	0.0	83.583336	100.0	763999	-1.5417116	0.17480303	59709.237783	0.051503256
765	0.2	0.0	0.2	99.7	80.2	764999	-1.5745859	0.1787273	59785.82336	0.05325789
766	0.0	0.09090909	0.0	91.0	100.0	765999	-1.6194943	0.17650943	59867.4742548	0.052446164
767	0.2	0.0	0.2	99.9	80.2	766999	-1.6750618	0.19181937	59942.891619	0.05274447
768	0.1	0.16666667	0.1	83.5	90.1	767999	-1.7277956	0.20470402	60019.726053	0.05177003
769	0.1	0.09090909	0.1	90.818184	90.1	768999	-1.7529408	0.19589107	60095.966949	0.05172546
770	0.0	0.0	0.0	99.9	100.0	769999	-1.765371	0.19165543	60176.3422709	0.05244664
771	0.0	0.0	0.0	100.0	100.0	770999	-1.7316014	0.19223934	60255.941762	0.051877473
772	0.1	0.0	0.1	100.0	80.9	771999	-1.645593	0.18835181	60330.432678	0.051774804
773	0.1	0.0	0.1	100.0	90.1	772999	-1.6289897	0.17657341	60406.8304138	0.052060094
774	0.1	0.16666667	0.1	83.5	90.1	773999	-1.6358715	0.19170822	60483.6190319	0.05193514
775	0.0	0.16666667	0.0	83.333336	100.0	774999	-1.6305888	0.18750378	60562.3175249	0.05139138
776	0.1	0.0	0.1	99.8	90.1	775999	-1.6295319	0.20591326	60638.154593	0.051075608
777	0.0	0.0	0.0	100.0	100.0	776999	-1.6306682	0.20345178	60720.160466	0.053947367
778	0.1	0.0	0.1	100.0	90.1	777999	-1.6527542	0.21776763	60795.8924899	0.05046373
779	0.1	0.0	0.1	100.0	90.1	778999	-1.7096956	0.2188386	60871.1865439	0.050748788
780	0.0	0.0	0.0	100.0	100.0	779999	-1.7634168	0.22673869	60948.605931	0.05071317
781	0.0	0.0	0.0	100.0	100.0	780999	-1.7722077	0.22087906	61026.298259	0.050761588
782	0.1	0.09090909	0.1	91.0	90.1	781999	-1.7226696	0.21361877	61101.312391	0.051203873
783	0.0	0.0	0.0	99.9	100.0	782999	-1.6911509	0.2061477	61179.746377	0.051135503
784	0.1	0.0	0.1	100.0	90.1	783999	-1.65886	0.20748605	61255.8224928	0.05143864
785	0.0	0.0	0.0	100.0	100.0	784999	-1.6710178	0.21370569	61335.480736	0.052195635
786	0.1	0.16666667	0.1	83.5	90.1	785999	-1.7155629	0.20720609	61412.663857	0.05239574
787	0.1	0.16666667	0.1	83.333336	90.1	786999	-1.7493926	0.21037582	61489.72276	0.052044626
788	0.1	0.0	0.1	99.8	90.1	787999	-1.7342029	0.21092123	61566.8231449	0.052393455
789	0.1	0.1	0.1	100.0	75.6	788999	-1.7020345	0.20494851	61640.411942	0.05282064
790	0.0	0.0	0.0	100.0	100.0	789999	-1.6524926	0.20463416	61720.441735	0.05138059
791	0.0	0.0	0.0	100.0	100.0	790999	-1.6268984	0.2020148	61799.1839778	0.05076827
792	0.1	0.0	0.1	100.0	90.1	791999	-1.6057936	0.20326811	61875.118057	0.05107772
793	0.0	0.0	0.0	100.0	100.0	792999	-1.6039627	0.2052719	61951.448139	0.049406726
794	0.2	0.09090909	0.2	91.0	80.2	793999	-1.6291194	0.19647337	62024.0309639	0.050588626
795	0.1	0.0	0.1	92.27273	90.1	794999	-1.6747552	0.21752787	62102.3042719	0.051089965
796	0.2	0.0	0.2	98.4	80.2	795999	-1.6900342	0.19397345	62174.55057	0.050522104
797	0.0	0.0	0.0	100.0	100.0	796999	-1.6650332	0.1873191	62252.647464	0.05091868
798	0.3	0.09090909	0.3	91.0	70.3	797999	-1.6717838	0.18542534	62322.2406499	0.05071522
799	0.1	0.1	0.1	99.9	90.1	798999	-1.6753953	0.19200763	62397.0627799	0.049894694
800	0.0	0.16666667	0.0	83.5	100.0	799999	-1.665076	0.1902718	62475.469106	0.05112506
801	0.0	0.0	0.0	99.8	100.0	800999	-1.6799035	0.19422929	62553.1931579	0.050765663
802	0.1	0.16666667	0.1	83.5	90.1	801999	-1.6786351	0.19422199	62629.0854008	0.05146197
803	0.0	0.16666667	0.0	83.333336	100.0	802999	-1.6425669	0.19403069	62706.502656	0.05079009
804	0.0	0.09090909	0.0	90.818184	100.0	803999	-1.632242	0.19121426	62784.3644869	0.05086441
805	0.1	0.23076923	0.1	77.07692	90.1	804999	-1.6297596	0.18627824	62861.184305	0.051885277
806	0.0	0.23076923	0.0	76.92308	100.0	805999	-1.6208597	0.17962305	62940.577117	0.05141981
807	0.0	0.0	0.0	99.7	100.0	806999	-1.589863	0.19612987	63019.7210329	0.051801812
808	0.0	0.0	0.0	100.0	100.0	807999	-1.5503745	0.20238315	63100.404274	0.051879823
809	0.0	0.0	0.0	100.0	100.0	808999	-1.5880289	0.21748668	63179.6971829	0.051412668
810	0.0	0.0	0.0	100.0	100.0	809999	-1.6096692	0.21768494	63258.3714418	0.05082839
811	0.1	0.0	0.1	100.0	90.1	810999	-1.5917898	0.21028878	63333.607579	0.05149507
812	0.0	0.0	0.0	100.0	100.0	811999	-1.5886508	0.22013383	63412.799932	0.051372513
813	0.3	0.15384616	0.3	81.15385	70.3	812999	-1.6051083	0.21359569	63483.0221999	0.051291008
814	0.0	0.1	0.0	94.5	100.0	813999	-1.6222533	0.20718972	63561.459245	0.051568184
815	0.1	0.09090909	0.1	91.0	90.1	814999	-1.663013	0.21021253	63637.401875	0.051112074
816	0.1	0.1	0.1	99.9	85.0	815999	-1.7223299	0.20964283	63712.191026	0.051560976
817	0.0	0.09090909	0.0	91.0	90.5	816999	-1.804833	0.21426179	63788.6259348	0.05138111
818	0.0	0.0	0.0	99.9	100.0	817999	-1.8221806	0.2105787	63866.8947339	0.05097866
819	0.0	0.083333336	0.0	84.25	90.8	818999	-1.7728201	0.2017625	63944.3381429	0.052168477
820	0.1	0.0	0.1	98.9	90.1	819999	-1.7114841	0.19700174	64021.2432489	0.051678505
821	0.2	0.09090909	0.2	91.0	80.2	820999	-1.7026058	0.19562727	64095.713423	0.05181011
822	0.1	0.0	0.1	99.9	90.1	821999	-1.6853012	0.19167538	64171.552139	0.051445484
823	0.1	0.09090909	0.1	91.0	90.1	822999	-1.6708565	0.18851009	64248.1212549	0.051628314
824	0.0	0.16666667	0.0	83.416664	100.0	823999	-1.6619073	0.20541741	64326.59762	0.051212765
825	0.0	0.0	0.0	99.8	100.0	824999	-1.6892092	0.21377875	64405.3000438	0.051491983
826	0.0	0.0	0.0	100.0	100.0	825999	-1.68044	0.2128783	64482.996876	0.05102325
827	0.0	0.0	0.0	100.0	100.0	826999	-1.7217132	0.22415182	64560.411216	0.050917473
828	0.0	0.0	0.0	100.0	90.6	827999	-1.7971138	0.22344674	64636.170752	0.05148022
829	0.2	0.0	0.2	100.0	80.2	828999	-1.875355	0.23051214	64708.3432429	0.05072002
830	0.1	0.0	0.1	100.0	90.1	829999	-1.9702234	0.2684679	64783.5363538	0.050676215
831	0.1	0.0	0.1	100.0	90.1	830999	-2.0212152	0.28763598	64856.2421908	0.049463425
832	0.0	0.0	0.0	100.0	100.0	831999	-1.9889861	0.30627945	64934.4505389	0.05045617
833	0.1	0.083333336	0.1	84.083336	90.1	832999	-2.2322047	0.50087875	65008.545867	0.050173562
834	0.0	0.09090909	0.0	90.181816	100.0	833999	-3.2633798	1.279658	65084.620115	0.050409913
835	0.1	0.09090909	0.1	90.90909	90.1	834999	-4.872823	1.8799441	65159.990834	0.051061813
836	0.0	0.0	0.0	91.27273	100.0	835999	-4.0782957	1.2937958	65236.111552	0.049888723
837	0.0	0.0	0.0	99.5	100.0	836999	-3.4372041	0.8439968	65311.96014	0.0495834
838	0.0	0.21428572	0.0	72.71429	100.0	837999	-2.967315	0.7656813	65388.3322909	0.05010631
839	0.1	0.0	0.1	98.2	90.1	838999	-2.611492	0.5997692	65462.8817148	0.0499923
840	0.0	0.09090909	0.0	91.0	100.0	839999	-2.5167513	0.77048105	65540.6264849	0.0508863
841	0.2	0.071428575	0.2	72.57143	61.1	840999	-2.4619942	0.67322546	65612.544729	0.052840736
842	0.1	0.07692308	0.1	77.30769	60.1	841999	-2.269779	0.58915865	65684.1709619	0.05329148
843	0.0	0.0	0.0	82.416664	81.1	842999	-2.0897007	0.5787896	65758.4965029	0.051971383
844	0.1	0.0	0.1	77.0	80.9	843999	-1.8746059	0.5549624	65837.6600111	0.05445622
845	0.1	0.0	0.1	98.8	90.1	844999	-1.5965562	0.48366776	65916.498158	0.052362785
846	0.0	0.0	0.0	100.0	100.0	845999	-1.5269527	0.39092338	65999.1215079	0.052773185
847	0.1	0.0	0.1	100.0	90.1	846999	-1.4664549	0.36291987	66080.072968	0.053733263
848	0.1	0.09090909	0.1	91.0	90.1	847999	-1.4345778	0.3197942	66158.910162	0.05388636
849	0.1	0.09090909	0.1	90.90909	90.1	848999	-1.3418081	0.31033063	66237.382751	0.053175054
850	0.0	0.0	0.0	91.63636	100.0	849999	-1.3372017	0.2881824	66319.400646	0.05274705
851	0.0	0.0	0.0	99.1	100.0	850999	-1.3733463	0.28073218	66401.308588	0.0523978
852	0.0	0.0	0.0	100.0	100.0	851999	-1.3470979	0.25245282	66482.61008	0.05271327
853	0.3	0.0	0.3	100.0	70.3	852999	-1.3109463	0.24012354	66556.2757158	0.053607278
854	0.1	0.1	0.1	100.0	90.1	853999	-1.2795627	0.22885916	66635.619045	0.05258397
855	0.0	0.0	0.0	100.0	100.0	854999	-1.2945125	0.22138047	66718.8376069	0.05334752
856	0.0	0.0	0.0	100.0	100.0	855999	-1.3580573	0.22571757	66801.529825	0.05275325
857	0.2	0.2857143	0.2	71.71429	80.2	856999	-1.4103793	0.21582636	66879.2544069	0.05446274
858	0.0	0.25	0.0	83.166664	100.0	857999	-1.4346467	0.204556	66961.8469238	0.0533687
859	0.1	0.0	0.1	99.8	90.1	858999	-1.5006322	0.19782685	67042.344692	0.05324923
860	0.1	0.0	0.1	100.0	90.1	859999	-1.5637136	0.1913916	67123.6640899	0.05458486
861	0.0	0.16666667	0.0	83.5	100.0	860999	-1.5952075	0.18961021	67205.8594151	0.05203702
862	0.1	0.0	0.1	91.181816	90.1	861999	-1.6499975	0.18419485	67286.0218239	0.054888785
863	0.2	0.0	0.2	99.5	80.2	862999	-1.6707662	0.1887449	67365.2633369	0.054210372
864	0.3	0.1	0.3	100.0	70.3	863999	-1.6778492	0.1932021	67442.3029509	0.054882415
865	0.1	0.1	0.1	100.0	90.1	864999	-1.7248142	0.18933947	67521.8204029	0.052879952
866	0.0	0.0	0.0	100.0	92.4	865999	-1.7590104	0.17925617	67603.2861519	0.054229036
867	0.0	0.0	0.0	100.0	100.0	866999	-1.7585257	0.18086466	67686.262948	0.05468048
868	0.0	0.0	0.0	100.0	100.0	867999	-1.7577475	0.1890061	67767.9926529	0.052665748
869	0.2	0.23529412	0.2	64.411766	71.2	868999	-1.7245034	0.1872326	67841.4327788	0.05365837
870	0.0	0.06666667	0.0	61.6	71.3	869999	-1.7371482	0.1887198	67916.809248	0.05482772
871	0.0	0.0	0.0	89.63636	100.0	870999	-1.7535218	0.18234329	67997.73908	0.051398683
872	0.1	0.0	0.1	99.5	90.1	871999	-1.754927	0.18432125	68075.983722	0.05139741
873	0.0	0.0	0.0	100.0	80.8	872999	-1.7632263	0.18708374	68152.503253	0.052554138
874	0.0	0.11764706	0.0	60.35294	82.1	873999	-1.8199512	0.18823117	68230.2366068	0.054256022
875	0.0	0.0	0.0	80.30769	100.0	874999	-1.8705356	0.20304798	68315.18783	0.053784285
876	0.1	0.0	0.1	93.0	90.1	875999	-1.8807983	0.19963175	68394.402962	0.051831067
877	0.1	0.0	0.1	99.90909	90.1	876999	-1.8977145	0.18351899	68476.9245889	0.05393934
878	0.0	0.0	0.0	82.36364	90.5	877999	-1.8991772	0.22496368	68555.0499039	0.051965345
879	0.0	0.11111111	0.0	57.11111	81.1	878999	-1.9165516	0.26866016	68631.5326688	0.053317714
880	0.0	0.071428575	0.0	70.57143	90.5	879999	-1.9245254	0.2568532	68716.2716799	0.056421768
881	0.0	0.0	0.0	89.454544	100.0	880999	-1.9003193	0.23399867	68798.3625219	0.053483758
882	0.1	0.0	0.1	90.90909	71.1	881999	-1.8703942	0.25848052	68871.2534049	0.051415298
883	0.2	0.07692308	0.2	77.38461	51.7	882999	-1.8731499	0.26380497	68938.7802498	0.05400419
884	0.0	0.0	0.0	83.25	71.5	883999	-1.8583786	0.31845087	69010.6386139	0.051755548
885	0.1	0.05882353	0.1	60.058823	61.5	884999	-1.8349016	0.28562137	69078.5191898	0.051131837
886	0.0	0.0	0.0	70.64286	61.9	885999	-1.7840612	0.27043328	69147.832	0.05163987
887	0.0	0.0625	0.0	64.3125	90.4	886999	-1.8126067	0.2659377	69225.7821739	0.051333383
888	0.0	0.0	0.0	86.90909	80.8	887999	-1.8264394	0.23366047	69302.3425329	0.054290276
889	0.1	0.08	0.1	42.08	61.4	888999	-1.7908994	0.28228638	69369.881036	0.05104946
890	0.1	0.0	0.1	86.09091	61.5	889999	-1.6857609	0.24936467	69437.8106489	0.050936736
891	0.2	0.0	0.2	72.5	61.0	890999	-1.6642859	0.23510301	69505.6501679	0.05135706
892	0.1	0.07692308	0.1	76.30769	71.1	891999	-1.696086	0.23249994	69575.380548	0.050206378
893	0.0	0.125	0.0	63.1875	62.0	892999	-1.689832	0.21392144	69643.1464159	0.0512814
894	0.1	0.083333336	0.1	82.0	67.9	893999	-1.6584568	0.21912667	69711.734997	0.050918892
895	0.1	0.0	0.1	68.0	71.0	894999	-1.6628233	0.24019964	69782.1060488	0.05100016
896	0.0	0.071428575	0.0	70.71429	81.2	895999	-1.6250348	0.18290058	69854.09988	0.04975805
897	0.1	0.07692308	0.1	78.53846	90.1	896999	-1.6027281	0.2038275	69928.827769	0.050638627
898	0.0	0.09090909	0.0	87.63636	100.0	897999	-1.5888876	0.18642722	70004.875623	0.0497035
899	0.0	0.09090909	0.0	90.90909	100.0	898999	-1.5438735	0.17055139	70080.6927559	0.050227746
900	0.0	0.09090909	0.0	90.90909	100.0	899999	-1.4918196	0.22339875	70156.7184448	0.0499245
901	0.0	0.16666667	0.0	83.416664	100.0	900999	-1.4812684	0.18219274	70233.188457	0.05081077
902	0.1	0.0	0.1	99.8	90.1	901999	-1.434037	0.1628378	70306.1356359	0.049849577
903	0.0	0.0	0.0	100.0	100.0	902999	-1.4011028	0.16032757	70382.2517059	0.04948461
904	0.0	0.09090909	0.0	91.0	100.0	903999	-1.3864917	0.15412468	70458.5170228	0.05000102
905	0.2	0.0	0.2	99.9	80.2	904999	-1.3538748	0.1438099	70529.817842	0.050168727
906	0.0	0.09090909	0.0	91.0	100.0	905999	-1.3240553	0.1347665	70606.1798918	0.04982551
907	0.0	0.16666667	0.0	83.416664	100.0	906999	-1.3611003	0.13317528	70683.2033648	0.050525542
908	0.2	0.0	0.2	99.8	80.2	907999	-1.3865504	0.1322802	70752.634191	0.04936335
909	0.1	0.09090909	0.1	91.0	90.1	908999	-1.3730874	0.13799967	70825.2266719	0.04935131
910	0.1	0.0	0.1	99.9	90.1	909999	-1.3806156	0.14471185	70899.7841489	0.05056322
911	0.1	0.0	0.1	100.0	90.1	910999	-1.3791411	0.14824857	70973.926327	0.04976792
912	0.0	0.0	0.0	100.0	100.0	911999	-1.3610772	0.1386132	71053.365078	0.052250873
913	0.2	0.0	0.2	100.0	80.2	912999	-1.3346413	0.13871674	71127.646709	0.051705796
914	0.1	0.0	0.1	100.0	80.7	913999	-1.3192036	0.13025935	71199.0504639	0.050625578
915	0.0	0.0	0.0	100.0	100.0	914999	-1.3261507	0.12620178	71274.9533629	0.049590252
916	0.1	0.0	0.1	100.0	90.1	915999	-1.2974541	0.11910974	71348.712908	0.050041746
917	0.1	0.09090909	0.1	91.0	90.1	916999	-1.2800066	0.12308575	71424.8216619	0.051519282
918	0.0	0.09090909	0.0	90.90909	100.0	917999	-1.242751	0.11962764	71502.101218	0.05052044
919	0.0	0.09090909	0.0	90.90909	100.0	918999	-1.2125739	0.1163526	71580.313019	0.05097369
920	0.1	0.0	0.1	99.9	90.1	919999	-1.2165142	0.121074215	71656.3430259	0.05106014
921	0.1	0.16666667	0.1	83.5	90.1	920999	-1.2363738	0.11742413	71729.9096398	0.04988072
922	0.1	0.0	0.1	99.8	90.1	921999	-1.2311975	0.11334904	71804.777482	0.0507372
923	0.0	0.0	0.0	100.0	100.0	922999	-1.2374655	0.10952482	71883.228806	0.051046457
924	0.0	0.09090909	0.0	91.0	100.0	923999	-1.2510818	0.107473604	71961.3084641	0.0508877
925	0.1	0.09090909	0.1	90.90909	90.1	924999	-1.2866683	0.115361236	72035.5861099	0.050917327
926	0.1	0.0	0.1	99.9	90.1	925999	-1.2782736	0.11384431	72111.359566	0.051902648
927	0.1	0.0	0.1	100.0	90.1	926999	-1.3008738	0.11050626	72187.668102	0.05230497
928	0.0	0.09090909	0.0	91.0	100.0	927999	-1.2990694	0.11354828	72267.501312	0.05285961
929	0.0	0.09090909	0.0	90.90909	100.0	928999	-1.2893946	0.10996292	72346.7483919	0.051646024
930	0.0	0.09090909	0.0	90.90909	100.0	929999	-1.2966666	0.111314364	72425.4108388	0.051010255
931	0.0	0.0	0.0	99.9	100.0	930999	-1.28274	0.10658501	72503.3945389	0.050433524
932	0.0	0.0	0.0	100.0	100.0	931999	-1.2758269	0.11701626	72581.079921	0.050741803
933	0.2	0.0	0.2	91.545456	80.2	932999	-1.2689221	0.114361845	72652.3560739	0.049895227
934	0.0	0.1	0.0	99.3	100.0	933999	-1.2642845	0.11175815	72730.276567	0.05114347
935	0.1	0.0	0.1	100.0	90.1	934999	-1.249791	0.10786326	72805.1049929	0.050904486
936	0.0	0.0	0.0	100.0	100.0	935999	-1.2205249	0.10864682	72885.27952	0.051397838
937	0.2	0.0	0.2	100.0	71.9	936999	-1.2101301	0.105877034	72955.766691	0.05123455
938	0.1	0.09090909	0.1	93.454544	90.1	937999	-1.2163564	0.112096876	73032.1833138	0.050928805
939	0.2	0.09090909	0.2	88.454544	84.8	938999	-1.2765535	0.1256247	73108.660363	0.053245205
940	0.0	0.1	0.0	99.9	100.0	939999	-1.3221377	0.12641954	73192.665236	0.054013662
941	0.2	0.09090909	0.2	93.545456	81.7	940999	-1.3744222	0.13187061	73270.348896	0.053727113
942	0.0	0.09090909	0.0	93.545456	100.0	941999	-1.4304371	0.14002687	73349.939126	0.051431034
943	0.2	0.09090909	0.2	85.72727	80.7	942999	-1.5203794	0.14150552	73424.0736649	0.051910438
944	0.1	0.16666667	0.1	84.5	90.9	943999	-1.5768526	0.14594927	73502.4325759	0.05237689
945	0.0	0.09090909	0.0	94.181816	100.0	944999	-1.6089619	0.15823765	73582.525156	0.051984742
946	0.2	0.09090909	0.2	87.09091	85.1	945999	-1.6491767	0.17196353	73660.41237	0.05179132
947	0.0	0.0	0.0	99.1	100.0	946999	-1.7246324	0.17414653	73739.420804	0.051302962
948	0.0	0.25	0.0	86.166664	100.0	947999	-1.8133692	0.18336351	73819.6943178	0.051642764
949	0.1	0.23076923	0.1	74.53846	98.7	948999	-1.8607893	0.20439896	73899.4509718	0.051236283
950	0.0	0.09090909	0.0	96.27273	100.0	949999	-1.9051747	0.21381712	73976.84834	0.05117679
951	0.0	0.35714287	0.0	67.0	100.0	950999	-1.9472097	0.23324978	74056.431668	0.051568564
952	0.1	0.21428572	0.1	73.5	93.4	951999	-1.975089	0.24599902	74133.615464	0.05064842
953	0.0	0.25	0.0	86.666664	100.0	952999	-2.011362	0.25731146	74214.5800738	0.052732058
954	0.0	0.16666667	0.0	77.833336	100.0	953999	-2.0545335	0.26751712	74296.4055529	0.05399761
955	0.0	0.16666667	0.0	83.666664	100.0	954999	-2.1169846	0.2823401	74379.4533288	0.0533346
956	0.1	0.33333334	0.1	72.13333	90.1	955999	-2.136565	0.2950418	74457.5201468	0.052272614
957	0.0	0.09090909	0.0	82.90909	100.0	956999	-2.147151	0.30686128	74537.870024	0.052601874
958	0.1	0.16666667	0.1	84.916664	90.1	957999	-2.190986	0.32195148	74618.772213	0.05271178
959	0.1	0.09090909	0.1	90.0	90.1	958999	-2.215078	0.32167217	74697.441047	0.052230205
960	0.0	0.16666667	0.0	82.916664	100.0	959999	-2.2250295	0.3227538	74781.3588119	0.053447265
961	0.0	0.09090909	0.0	90.545456	100.0	960999	-2.2524648	0.31751767	74866.5877719	0.054240935
962	0.3	0.0	0.3	99.9	70.3	961999	-2.2559237	0.34064728	74942.2774	0.053393416
963	0.1	0.0	0.1	100.0	90.1	962999	-2.2074654	0.3146127	75021.6524069	0.052264214
964	0.3	0.09090909	0.3	91.0	76.4	963999	-2.1639555	0.31473884	75098.430752	0.054985397
965	0.2	0.25	0.2	84.25	81.1	964999	-2.1408257	0.2940631	75177.3565331	0.053424746
966	0.0	0.09090909	0.0	95.0	100.0	965999	-2.1382768	0.29849112	75258.8867779	0.053624358
967	0.1	0.16666667	0.1	82.333336	97.5	966999	-2.1454601	0.3053625	75341.6606488	0.05441179
968	0.0	0.23076923	0.0	76.15385	100.0	967999	-2.1463032	0.30843285	75424.658114	0.05270266
969	0.0	0.16666667	0.0	80.583336	100.0	968999	-2.1161826	0.3181147	75508.5343158	0.054552246
970	0.0	0.0	0.0	99.8	91.1	969999	-2.1430597	0.3119763	75590.595401	0.053749084
971	0.1	0.0	0.1	100.0	90.1	970999	-2.16738	0.30800104	75671.691725	0.055573907
972	0.0	0.09090909	0.0	91.0	100.0	971999	-2.2104483	0.30798304	75754.730144	0.052789
973	0.0	0.0	0.0	99.9	100.0	972999	-2.2398818	0.33629766	75834.8977089	0.052728448
974	0.0	0.0	0.0	100.0	100.0	973999	-2.2572293	0.31986517	75912.7349188	0.05033309
975	0.0	0.09090909	0.0	91.0	100.0	974999	-2.2810774	0.32211268	75995.7099218	0.053246617
976	0.0	0.071428575	0.0	72.42857	100.0	975999	-2.239422	0.31627437	76076.930495	0.052530747
977	0.1	0.0	0.1	98.5	90.1	976999	-2.1870215	0.33058172	76154.1562181	0.051594857
978	0.0	0.09090909	0.0	91.0	100.0	977999	-2.1745443	0.33001453	76234.6792409	0.052441824
979	0.1	0.09090909	0.1	90.90909	90.1	978999	-2.1731958	0.33756432	76311.6945469	0.051844522
980	0.1	0.09090909	0.1	90.90909	90.1	979999	-2.1087012	0.35042024	76388.630981	0.052216828
981	0.1	0.16666667	0.1	83.416664	90.1	980999	-2.0490904	0.35344222	76465.5821331	0.051869415
982	0.1	0.0	0.1	99.8	90.1	981999	-1.9910064	0.36543095	76543.724967	0.052802965
983	0.1	0.16666667	0.1	83.5	90.1	982999	-1.9573581	0.37705562	76620.6712379	0.05121955
984	0.0	0.0	0.0	99.8	100.0	983999	-1.9011582	0.37823656	76702.0404999	0.0523478
985	0.1	0.0	0.1	100.0	80.8	984999	-1.9065597	0.39361793	76778.93116	0.05326849
986	0.0	0.0	0.0	100.0	100.0	985999	-1.868029	0.3788645	76857.8475828	0.051661577
987	0.0	0.16666667	0.0	83.5	100.0	986999	-1.8638105	0.3729148	76937.3357229	0.052282844
988	0.0	0.09090909	0.0	90.818184	100.0	987999	-1.8714541	0.3601881	77015.6991599	0.05160112
989	0.0	0.09090909	0.0	90.90909	100.0	988999	-1.888283	0.34122902	77093.9803169	0.05064294
990	0.1	0.16666667	0.1	83.416664	90.1	989999	-1.8713734	0.33286804	77170.020735	0.05080512
991	0.3	0.0	0.3	99.8	70.3	990999	-1.8901039	0.34615746	77241.6478438	0.051490895
992	0.0	0.09090909	0.0	91.0	100.0	991999	-1.9264042	0.3579479	77321.8483779	0.051204138
993	0.0	0.0	0.0	99.9	100.0	992999	-1.9848715	0.3659237	77402.292022	0.052237958
994	0.1	0.23076923	0.1	77.15385	90.1	993999	-2.0452096	0.40950328	77480.703269	0.052515775
995	0.1	0.09090909	0.1	90.72727	90.1	994999	-2.057498	0.44101295	77560.3719349	0.053086083
996	0.1	0.0	0.1	99.9	90.1	995999	-2.0647159	0.41066962	77637.434783	0.05153759
997	0.0	0.0	0.0	100.0	100.0	996999	-2.098373	0.42676055	77716.4298959	0.050654184
998	0.0	0.0	0.0	100.0	100.0	997999	-2.0975692	0.4281033	77797.5304649	0.05187882
999	0.1	0.09090909	0.1	91.0	90.1	998999	-2.0618918	0.41853482	77874.7082551	0.052004006
1000	0.1	0.0	0.1	99.9	90.1	999999	-2.0161505	0.45378163	77952.869046	0.053166565
