Epoch	AverageEpRet	StdEpRet	MaxEpRet	MinEpRet	AverageTestEpRet	StdTestEpRet	MaxTestEpRet	MinTestEpRet	EpLen	TestEpLen	TotalEnvInteracts	AverageQ1Vals	StdQ1Vals	MaxQ1Vals	MinQ1Vals	AverageQ2Vals	StdQ2Vals	MaxQ2Vals	MinQ2Vals	AverageLogPi	StdLogPi	MaxLogPi	MinLogPi	LossPi	LossQ	Time
1	0.057803467	0.23337144	1.0	0.0	0.0	0.0	0.0	0.0	43.34393	300.0	14999	58270230000.0	94818820000.0	591285100000.0	0.016693212	56929595000.0	92219370000.0	575251550000.0	-0.01501102	431.11942	462.4636	2572.6094	-15.629076	-91658730000.0	4.2526503e+21	1504.0786180496216
2	0.04398827	0.205069	1.0	0.0	0.0	0.0	0.0	0.0	43.97654	15.0	29999	1015553060000.0	549551370000.0	3931165000000.0	199143700000.0	974700800000.0	516908500000.0	3660437300000.0	193327300000.0	1980.5739	946.21783	7507.038	285.45895	-1567137300000.0	5.7691435e+23	2908.5351061820984
3	0.038348082	0.19203517	1.0	0.0	0.0	0.0	0.0	0.0	44.23599	13.0	44999	2194721900000.0	793778450000.0	6194531400000.0	980569550000.0	1998112600000.0	694137650000.0	5402419000000.0	919055100000.0	4727.0386	2212.677	14311.6455	907.16693	-3412900200000.0	2.853242e+24	4328.825450181961
4	0.046783626	0.21117508	1.0	0.0	0.0	0.0	0.0	0.0	43.850876	17.3	59999	2958299000000.0	1050576500000.0	7647901000000.0	1392836100000.0	2292442700000.0	769651640000.0	5507537000000.0	1197160800000.0	6791.104	2764.7954	16703.03	1992.2823	-4184079000000.0	4.266185e+24	5786.314864873886
5	0.05232558	0.22268274	1.0	0.0	0.0	0.0	0.0	0.0	43.590115	13.0	74999	3658217200000.0	1258814200000.0	9169591000000.0	1716471500000.0	2307847400000.0	775562500000.0	5555711000000.0	1170375400000.0	6524.833	3364.2773	22648.02	1260.667	-4486268000000.0	4.825115e+24	7349.387479543686
6	0.068571426	0.25272393	1.0	0.0	0.0	0.0	0.0	0.0	42.845715	13.0	89999	4191355700000.0	1391115600000.0	10101293000000.0	1919273400000.0	2320562700000.0	778144000000.0	5614992000000.0	1138113000000.0	6836.829	3122.017	21010.318	1725.6323	-4785172400000.0	5.9169275e+24	8959.614441156387
7	0.057803467	0.23337145	1.0	0.0	0.0	0.0	0.0	0.0	43.34104	13.0	104999	4487669400000.0	1442876900000.0	10606185000000.0	1929759300000.0	2333272400000.0	781549200000.0	5658550700000.0	1006237250000.0	7841.082	3188.8699	18729.14	3638.7556	-5086134700000.0	7.279882e+24	10534.135709524155
8	0.068571426	0.25272393	1.0	0.0	0.0	0.0	0.0	0.0	42.845715	12.3	119999	4762452000000.0	1487133100000.0	11297239000000.0	1965000000000.0	2347504800000.0	785082400000.0	5717543000000.0	878542850000.0	4037.194	2053.9922	13927.503	1068.4938	-5390089000000.0	8.8052195e+24	12085.005844593048
9	0.057803467	0.23337145	1.0	0.0	0.0	0.0	0.0	0.0	43.34104	13.0	134999	5041763600000.0	1532331000000.0	11962772000000.0	1986753100000.0	2360799000000.0	788196700000.0	5776706400000.0	741619900000.0	3472.018	916.2123	6915.6836	1188.1154	-5695122000000.0	1.0501452e+25	13601.081108808517
10	0.065902576	0.24811172	1.0	0.0	0.0	0.0	0.0	0.0	42.968483	13.0	149999	5320691000000.0	1576632600000.0	12598356000000.0	2017968800000.0	2373321500000.0	791484900000.0	5836486000000.0	668850600000.0	4491.9224	1322.4224	9648.9375	823.8439	-6001322000000.0	1.2364133e+25	15134.09194612503
11	0.06051873	0.23844542	1.0	0.0	0.0	0.0	0.0	0.0	43.216137	13.0	164999	5603555000000.0	1619097700000.0	13195441000000.0	2015914000000.0	2387001500000.0	794851700000.0	5881931500000.0	489655100000.0	3312.4973	910.2252	6589.196	1411.2823	-6310579400000.0	1.4394857e+25	16694.87991142273
12	0.049418606	0.2167404	1.0	0.0	0.0	0.0	0.0	0.0	43.726746	12.8	179999	5887078400000.0	1661612500000.0	13850798000000.0	1992680400000.0	2399583900000.0	797969350000.0	5941078000000.0	375181480000.0	3532.9026	1156.4137	9158.528	1177.0784	-6620699000000.0	1.6606586e+25	18244.783472776413
13	0.06051873	0.23844542	1.0	0.0	0.0	0.0	0.0	0.0	43.216137	13.0	194999	6171352000000.0	1705005300000.0	14449605000000.0	1986064800000.0	2412439100000.0	801835400000.0	5991959000000.0	349498930000.0	5263.6494	1726.6367	12153.864	1610.2102	-6930549400000.0	1.8974942e+25	19806.74580001831
14	0.04117647	0.19869818	1.0	0.0	0.0	0.0	0.0	0.0	44.10588	31.2	209999	6451401000000.0	1749056500000.0	15029311000000.0	1854619300000.0	2425844100000.0	806528800000.0	6039316500000.0	142409700000.0	5681.1855	2114.715	13479.5205	1908.7777	-7236747300000.0	2.1475847e+25	21373.99802684784
15	0.046783626	0.21117508	1.0	0.0	0.0	0.0	0.0	0.0	43.847954	12.0	224999	6732315600000.0	1790698600000.0	15594905000000.0	1784339200000.0	2439256500000.0	809807700000.0	6067698300000.0	72416860000.0	4592.0312	1633.5728	11730.675	1970.02	-7542523600000.0	2.4117813e+25	22906.115272045135
16	0.04956268	0.21703969	1.0	0.0	0.2	0.4	1.0	0.0	43.720116	10.6	239999	7010273000000.0	1836193200000.0	16180256000000.0	1675009700000.0	2449782600000.0	813468160000.0	6093912700000.0	911749500.0	4264.625	1405.5742	9961.643	1490.5819	-7846944000000.0	2.6955787e+25	24405.954706668854
17	0.065902576	0.24811172	1.0	0.0	0.0	0.0	0.0	0.0	42.968483	13.0	254999	7295598600000.0	1882756700000.0	16724876000000.0	1645396900000.0	2463989500000.0	817796300000.0	6118510700000.0	504650020.0	4327.0903	1507.6976	9904.698	2055.5215	-8162543000000.0	3.0023266e+25	25965.448956489563
18	0.057803467	0.23337145	1.0	0.0	0.0	0.0	0.0	0.0	43.34104	13.0	269999	7602186500000.0	1940468300000.0	17446874000000.0	1649884800000.0	2488950300000.0	827155800000.0	6191123000000.0	531895070.0	4107.8564	1118.9618	9220.637	2054.9028	-8514174500000.0	3.3568742e+25	27521.726321697235
19	0.068571426	0.25272393	1.0	0.0	0.0	0.0	0.0	0.0	42.845715	13.0	284999	7922711500000.0	2001296000000.0	18173571000000.0	1672932200000.0	2518823500000.0	837459600000.0	6280708600000.0	565192260.0	4305.0903	1321.9102	10337.728	2065.2656	-8886512000000.0	3.751713e+25	29076.20471715927
20	0.055072464	0.22812165	1.0	0.0	0.0	0.0	0.0	0.0	43.466667	13.0	299999	8286956000000.0	2075442400000.0	18868830000000.0	1957707800000.0	2555970300000.0	851750160000.0	6360469000000.0	591669600.0	4184.956	1346.8054	9948.168	1937.1333	-9295058000000.0	4.1986717e+25	30613.94643998146
21	0.055072464	0.22812165	1.0	0.0	0.0	0.0	0.0	0.0	43.466667	13.0	314999	8674714600000.0	2156201900000.0	19787617000000.0	2059660200000.0	2595024000000.0	867744940000.0	6485218700000.0	624320800.0	4769.526	1844.439	11128.6455	2097.0781	-9722154000000.0	4.690545e+25	32150.78866291046
22	0.06321839	0.24335535	1.0	0.0	0.1	0.29999998	1.0	0.0	43.091953	11.8	329999	9090252000000.0	2242755400000.0	20605640000000.0	2166507400000.0	2639959700000.0	884411500000.0	6581693400000.0	657067700.0	3989.5667	1386.8054	9582.197	1980.0125	-10181658000000.0	5.249828e+25	33687.70083451271
23	0.046783626	0.21117508	1.0	0.0	0.0	0.0	0.0	0.0	43.847954	13.0	344999	9499190000000.0	2324124700000.0	21442340000000.0	2176597800000.0	2679013000000.0	897283650000.0	6653125600000.0	686853060.0	3698.9128	819.6077	6753.491	1682.5266	-10628493000000.0	5.8330615e+25	35214.44628119469
24	0.04385965	0.20478277	1.0	0.0	0.0	0.0	0.0	0.0	43.982456	13.0	359999	9863162000000.0	2392468200000.0	22105148000000.0	2245386000000.0	2702626000000.0	905096270000.0	6692051400000.0	718944900.0	4903.227	1418.2117	10387.514	1738.0415	-11015556000000.0	6.3785193e+25	36722.841044187546
25	0.04956268	0.2170397	1.0	0.0	0.0	0.0	0.0	0.0	43.720116	13.0	374999	10161008000000.0	2441306200000.0	22650242000000.0	2323849000000.0	2713034700000.0	908641500000.0	6704958300000.0	751673340.0	4809.6274	1287.4753	9965.735	1874.3903	-11325511000000.0	6.8454567e+25	38224.238607406616
26	0.055072464	0.22812165	1.0	0.0	0.2	0.4	1.0	0.0	43.466667	10.6	389999	10412287000000.0	2480422300000.0	23047952000000.0	2415917500000.0	2721327600000.0	911934000000.0	6710496300000.0	784834100.0	4449.3794	963.1239	8463.962	2206.1143	-11589443000000.0	7.257223e+25	39728.932369470596
27	0.046783626	0.21117508	1.0	0.0	0.0	0.0	0.0	0.0	43.847954	13.0	404999	10628466000000.0	2511665600000.0	23420922000000.0	2441824400000.0	2727112900000.0	914311900000.0	6720239700000.0	816078700.0	4806.727	909.15576	8509.304	2560.455	-11817370000000.0	7.6231465e+25	41228.48480510712
28	0.04956268	0.21703969	1.0	0.0	0.1	0.29999998	1.0	0.0	43.720116	11.8	419999	10764707000000.0	2522618300000.0	23507675000000.0	2501956900000.0	2733823500000.0	916988170000.0	6728567500000.0	849161100.0	5610.241	1400.6544	10541.609	2888.52	-11933128000000.0	7.805671e+25	42746.53632569313
29	0.06051873	0.23844542	1.0	0.0	0.0	0.0	0.0	0.0	43.216137	13.0	434999	10801053000000.0	2506048400000.0	23506070000000.0	2487033300000.0	2741309800000.0	920412000000.0	6740611000000.0	881141440.0	6233.0347	1588.7285	12351.569	2807.5173	-11961592000000.0	7.835307e+25	44279.58506989479
30	0.04398827	0.205069	1.0	0.0	0.0	0.0	0.0	0.0	43.97654	13.0	449999	10823780000000.0	2488827000000.0	23513365000000.0	2456825400000.0	2747184700000.0	923459060000.0	6754093000000.0	913968600.0	6066.36	1667.2515	12004.055	3083.355	-11985929000000.0	7.857367e+25	45817.795523405075
31	0.053435113	0.22489953	1.0	0.0	0.1	0.29999998	1.0	0.0	56.412212	270.1	464999	10959376000000.0	3690343700000.0	196490660000000.0	109076.12	2794638300000.0	1264944400000.0	54965536000000.0	354815.47	7139.468	5716.568	1362337.4	2624.7698	-12031752000000.0	8.701388e+25	47261.47488617897
32	0.056603774	0.23108391	1.0	0.0	0.0	0.0	0.0	0.0	283.07547	300.0	479999	14555472000000.0	17953165000000.0	207766640000000.0	3148603.5	3554563000000.0	3635152700000.0	55884584000000.0	355384.88	23832.957	8983.133	151762.4	7665.9346	-12388925000000.0	3.768876e+26	48279.82519698143
33	0.019607844	0.13864838	1.0	0.0	0.0	0.0	0.0	0.0	294.13727	300.0	494999	19284147000000.0	26307457000000.0	207746830000000.0	70442240.0	4245408700000.0	4879135000000.0	57233023000000.0	367274.03	39822.625	16651.041	185965.61	16782.055	-12487850000000.0	7.806732e+26	49294.53558254242
34	0.0	0.0	0.0	0.0	0.1	0.29999998	1.0	0.0	300.0	270.1	509999	22294454000000.0	27543556000000.0	207733360000000.0	129616010.0	4560108700000.0	5158448000000.0	58720726000000.0	378432.72	60668.406	22440.012	257374.53	14820.942	-12265822000000.0	9.431057e+26	50299.66867184639
35	0.019607844	0.13864839	1.0	0.0	0.0	0.0	0.0	0.0	294.13727	300.0	524999	25151037000000.0	28270563000000.0	207720020000000.0	171053550.0	4853793000000.0	5454905700000.0	60348400000000.0	390170.53	61533.58	22618.791	240715.12	17381.701	-11997371000000.0	1.0917619e+27	51317.93579888344
36	0.03846154	0.19230768	1.0	0.0	0.0	0.0	0.0	0.0	288.5	300.0	539999	27799608000000.0	28531705000000.0	207705830000000.0	260434740.0	5107827600000.0	5755477000000.0	61697755000000.0	401856.75	79650.51	32106.342	558121.0	19364.102	-11636279000000.0	1.2247491e+27	52321.148790597916
37	0.03846154	0.19230767	1.0	0.0	0.0	0.0	0.0	0.0	288.5	300.0	554999	30677704000000.0	28716325000000.0	207693410000000.0	320411600.0	5394364600000.0	6042543500000.0	62589522000000.0	413585.06	93325.016	37850.125	467366.7	12313.055	-11220387000000.0	1.3724682e+27	53326.1503033638
38	0.019607844	0.13864839	1.0	0.0	0.1	0.29999998	1.0	0.0	294.13727	270.1	569999	33638160000000.0	28631865000000.0	207680630000000.0	350681180.0	5621343000000.0	6206852700000.0	62702014000000.0	425304.66	121022.734	42496.594	440635.75	24356.838	-10652708000000.0	1.5258227e+27	54335.41729307175
39	0.019607844	0.13864839	1.0	0.0	0.0	0.0	0.0	0.0	294.13727	300.0	584999	36636100000000.0	28268705000000.0	207667290000000.0	273472860.0	5765741000000.0	6284074500000.0	62210990000000.0	437052.22	115658.51	38469.39	416392.16	31616.076	-9905192000000.0	1.6853695e+27	55345.75893473625
40	0.10714286	0.3092948	1.0	0.0	0.0	0.0	0.0	0.0	267.9643	300.0	599999	39527113000000.0	27527513000000.0	207654190000000.0	304493570.0	5886259500000.0	6266516000000.0	60924094000000.0	448739.97	127383.8	42368.26	504452.7	37753.773	-9132671000000.0	1.8353113e+27	56352.58530020714
41	0.056603774	0.23108391	1.0	0.0	0.1	0.29999998	1.0	0.0	283.07547	270.1	614999	42037655000000.0	26356635000000.0	207642340000000.0	378953400.0	6142995500000.0	6221987000000.0	59168837000000.0	460351.78	142172.47	44189.49	563166.9	30928.385	-8508651600000.0	1.9438975e+27	57343.44264602661
42	0.019607844	0.13864838	1.0	0.0	0.0	0.0	0.0	0.0	294.13727	300.0	629999	44507945000000.0	24874863000000.0	207629720000000.0	455518500.0	6400913700000.0	6154480500000.0	57316263000000.0	471788.6	172963.84	42654.652	668493.6	31464.523	-7926536000000.0	2.0500209e+27	58349.194477796555
43	0.019607844	0.13864839	1.0	0.0	0.0	0.0	0.0	0.0	294.13727	300.0	644999	46974180000000.0	22977861000000.0	207618670000000.0	514280700.0	6636915000000.0	6045441700000.0	55452436000000.0	482644.1	209713.31	49252.887	622266.2	79345.875	-7355651000000.0	2.1577208e+27	59312.00544881821
44	0.0	0.0	0.0	0.0	0.0	0.0	0.0	0.0	300.0	300.0	659999	49426165000000.0	20703995000000.0	207606340000000.0	489455040.0	6900871000000.0	5964857000000.0	53613087000000.0	481257.28	203774.9	46590.27	655461.8	49477.242	-6850305600000.0	2.2669164e+27	60268.48605489731
45	0.056603774	0.23108391	1.0	0.0	0.1	0.29999998	1.0	0.0	283.07547	270.1	674999	50280528000000.0	18256348000000.0	207595260000000.0	399536400.0	6897386000000.0	5742762400000.0	52789730000000.0	471021.47	195650.17	41197.598	634566.44	47050.12	-6371896500000.0	2.2647113e+27	61225.2697763443
46	0.056603774	0.23108391	1.0	0.0	0.1	0.29999998	1.0	0.0	283.07547	270.1	689999	47093840000000.0	9468252000000.0	202843290000000.0	298154600.0	6463943000000.0	5073873000000.0	48442194000000.0	460525.3	203672.12	42271.93	1210598.4	41176.85	-5890158000000.0	1.852512e+27	62179.97815275192
47	0.03846154	0.19230768	1.0	0.0	0.2	0.4	1.0	0.0	288.5	240.2	704999	46409445000000.0	8478917700000.0	139316070000000.0	141890180.0	6632030000000.0	5021429000000.0	48293795000000.0	450182.97	206309.22	62026.684	1102675.9	34353.133	-6061205500000.0	1.767145e+27	63125.10999441147
48	0.056603774	0.23108391	1.0	0.0	0.0	0.0	0.0	0.0	283.07547	300.0	719999	45921760000000.0	8348923600000.0	139310955000000.0	193116.62	6852049400000.0	4998060600000.0	48186064000000.0	440107.97	267272.34	53976.11	953577.2	36849.055	-6272364600000.0	1.708168e+27	64089.27369713783
49	0.056603774	0.23108391	1.0	0.0	0.1	0.29999998	1.0	0.0	283.07547	270.1	734999	45691578000000.0	8298625000000.0	139306850000000.0	181350.31	7127718000000.0	4895889000000.0	48077126000000.0	430267.88	271483.47	73516.76	1132583.6	45679.12	-6536821000000.0	1.6673662e+27	65043.47266817093
50	0.03846154	0.19230767	1.0	0.0	0.0	0.0	0.0	0.0	288.5	300.0	749999	45390280000000.0	8126293000000.0	139301260000000.0	170269.5	7389305600000.0	4800333000000.0	47976764000000.0	420623.47	304961.12	45181.04	1054070.6	49324.91	-6791687600000.0	1.6197075e+27	66003.72648787498
51	0.03846154	0.19230767	1.0	0.0	0.0	0.0	0.0	0.0	288.5	300.0	764999	44913470000000.0	7909113600000.0	139297410000000.0	158184.58	7619944000000.0	4727991400000.0	47879530000000.0	411052.44	279110.97	72668.92	1055755.2	137012.6	-7009200000000.0	1.5606906e+27	66964.50607037544
52	0.0	0.0	0.0	0.0	0.0	0.0	0.0	0.0	300.0	300.0	779999	44665814000000.0	7759231000000.0	126445010000000.0	146687.19	7728939000000.0	4675229000000.0	47848510000000.0	122494.29	127452.555	36063.125	540082.06	44990.0	-7119355000000.0	1.5299164e+27	67942.38479351997
53	0.03846154	0.19230767	1.0	0.0	0.0	0.0	0.0	0.0	288.5	300.0	794999	44709406000000.0	7767218700000.0	126443170000000.0	133903.2	7703159000000.0	4652424000000.0	47814915000000.0	79362.53	76288.61	15220.898	1274368.9	25054.01	-7096314600000.0	1.535607e+27	68926.25331950188
54	0.056603774	0.23108393	1.0	0.0	0.0	0.0	0.0	0.0	283.07547	300.0	809999	45087346000000.0	7914229600000.0	126441420000000.0	122109.84	7517590000000.0	4680305300000.0	47771390000000.0	90384.75	105459.2	20760.814	1216367.4	26609.285	-6923709000000.0	1.582186e+27	69909.80887031555
55	0.0	0.0	0.0	0.0	0.0	0.0	0.0	0.0	300.0	300.0	824999	45633935000000.0	8349572000000.0	151319080000000.0	110404.164	7279335700000.0	4726618000000.0	47718303000000.0	100095.95	160598.16	32042.602	837889.8	28992.648	-6705451600000.0	1.6501426e+27	70890.12760615349
56	0.03846154	0.19230767	1.0	0.0	0.0	0.0	0.0	0.0	288.5	300.0	839999	46202867000000.0	8538777000000.0	162383420000000.0	98111.68	7039359600000.0	4739652600000.0	47700255000000.0	187496.5	178846.78	25433.89	719475.5	46458.61	-6463038000000.0	1.7195655e+27	71877.7616610527
57	0.03846154	0.19230768	1.0	0.0	0.0	0.0	0.0	0.0	288.5	300.0	854999	46988820000000.0	8915980000000.0	162382810000000.0	87552.1	6870758000000.0	4722373700000.0	47672080000000.0	159575.19	198968.16	27684.291	843981.94	45830.4	-6278584700000.0	1.8053771e+27	72864.88136339188
58	0.019607844	0.13864839	1.0	0.0	0.0	0.0	0.0	0.0	294.13727	300.0	869999	47606164000000.0	9020803000000.0	162375990000000.0	73558.125	6649989300000.0	4710855600000.0	47638066000000.0	2986288.5	190290.39	34590.625	589258.9	34893.95	-6141386400000.0	1.869568e+27	73846.80663466454
59	0.0	0.0	0.0	0.0	0.0	0.0	0.0	0.0	290.96155	300.0	884999	48142993000000.0	9082418000000.0	162369040000000.0	61898.07	6410316000000.0	4704655000000.0	47619110000000.0	4601016.5	177460.42	34947.758	891626.56	47486.105	-5912422000000.0	1.9351628e+27	74833.0655400753
60	0.03846154	0.19230767	1.0	0.0	0.1	0.29999998	1.0	0.0	288.5	270.1	899999	48599052000000.0	9039413000000.0	162363120000000.0	49912.523	6324284300000.0	4707940600000.0	43370890000000.0	6678071.5	161499.33	32417.398	1078914.9	46015.918	-5815545600000.0	1.9812782e+27	75813.64724588394
61	0.03846154	0.19230768	1.0	0.0	0.0	0.0	0.0	0.0	288.5	300.0	914999	49038167000000.0	8980835000000.0	162357250000000.0	38231.285	6243515600000.0	4701432000000.0	43273096000000.0	9335115.0	148644.67	27404.47	395930.8	48594.38	-5761907300000.0	2.022503e+27	76796.92657184601
62	0.019607844	0.13864839	1.0	0.0	0.0	0.0	0.0	0.0	294.13727	300.0	929999	49594356000000.0	8898938000000.0	162351480000000.0	32725.906	6000102300000.0	4671760000000.0	43175746000000.0	12828751.0	132303.42	23776.594	415302.47	46299.637	-5534855500000.0	2.08864e+27	77780.53042149544
63	0.056603774	0.23108391	1.0	0.0	0.0	0.0	0.0	0.0	283.07547	300.0	944999	50106162000000.0	8803757000000.0	162345370000000.0	33392.035	5753266000000.0	4633705600000.0	43073800000000.0	17257688.0	135313.44	27380.773	396181.06	27600.852	-5294527000000.0	2.1527246e+27	78763.69867897034
64	0.056603774	0.23108391	1.0	0.0	0.0	0.0	0.0	0.0	283.07547	300.0	959999	50615090000000.0	8691983000000.0	162338520000000.0	34348.484	5507284000000.0	4580491400000.0	44347390000000.0	23684372.0	196739.83	36063.95	527725.75	31856.902	-5017577000000.0	2.2198174e+27	79741.30288600922
65	0.04950495	0.21691985	1.0	0.0	0.0	0.0	0.0	0.0	148.64357	44.9	974999	50246265000000.0	9731582000000.0	162333570000000.0	34900.953	5193851700000.0	4624347000000.0	45321158000000.0	30293162.0	162291.86	32537.662	686874.25	62673.18	-3120846900000.0	2.3752146e+27	80736.3972249031
66	0.056603774	0.23108393	1.0	0.0	0.0	0.0	0.0	0.0	140.37737	300.0	989999	48122097000000.0	13455764000000.0	162327010000000.0	33973.105	5158341700000.0	4793546000000.0	45285550000000.0	37535336.0	163342.23	32637.086	636617.25	43951.555	-3699178000000.0	2.239485e+27	81809.08816051483
67	0.0	0.0	0.0	0.0	0.0	0.0	0.0	0.0	300.0	300.0	1004999	47545934000000.0	13509381000000.0	162321680000000.0	380170.1	5310836600000.0	4838738000000.0	45254940000000.0	48853170.0	157688.06	34993.152	403697.2	44498.043	-5103174500000.0	2.0741338e+27	82773.90994238853
68	0.0	0.0	0.0	0.0	0.0	0.0	0.0	0.0	300.0	300.0	1019999	47395360000000.0	13319300000000.0	162315570000000.0	2659334.8	5289160000000.0	4847824000000.0	45370516000000.0	60986610.0	142013.5	25376.154	374712.5	44591.47	-4734669300000.0	2.0842573e+27	83838.48647451401
69	0.019607844	0.13864838	1.0	0.0	0.1	0.29999998	1.0	0.0	294.13727	270.1	1034999	46533177000000.0	13521450000000.0	162309600000000.0	5432331.0	5150074000000.0	4972298600000.0	48497360000000.0	74050220.0	148819.47	27954.994	627912.3	42859.42	-4797695500000.0	2.0102618e+27	84769.75615954399
70	0.019607844	0.13864839	1.0	0.0	0.0	0.0	0.0	0.0	294.13727	300.0	1049999	45141700000000.0	13730111000000.0	162303980000000.0	15803375.0	4885580000000.0	5169364000000.0	48455293000000.0	95583900.0	138096.1	31621.002	392447.6	44517.18	-4836854600000.0	1.8913169e+27	85725.35867094994
71	0.056603774	0.23108391	1.0	0.0	0.0	0.0	0.0	0.0	283.07547	300.0	1064999	44884233000000.0	13579211000000.0	118636240000000.0	22271316.0	4809470000000.0	5187726000000.0	48425643000000.0	114201060.0	137451.11	24950.629	402746.34	42243.125	-4832823300000.0	1.8672069e+27	86711.30420660973
72	0.03846154	0.19230768	1.0	0.0	0.0	0.0	0.0	0.0	288.5	300.0	1079999	45003653000000.0	13642775000000.0	199190150000000.0	30627764.0	4842542000000.0	5191447300000.0	48372673000000.0	133992830.0	160842.88	31644.115	394814.84	48394.996	-4812496000000.0	1.8804574e+27	87693.19981503487
73	0.018518519	0.13481687	1.0	0.0	0.0	0.0	0.0	0.0	278.5	300.0	1094999	48386426000000.0	22320242000000.0	203944780000000.0	40910944.0	5322583300000.0	5799785500000.0	48339916000000.0	155831060.0	164297.06	32149.45	689618.94	55991.99	-4381366000000.0	2.4384888e+27	88677.50344800949
74	0.074074075	0.2618914	1.0	0.0	0.0	0.0	0.0	0.0	277.85184	300.0	1109999	53825793000000.0	30787557000000.0	203940450000000.0	49786076.0	5938263600000.0	6550819000000.0	48290100000000.0	170451060.0	185188.08	36280.027	477011.25	45437.098	-5704318000000.0	3.1409982e+27	89664.77123832703
75	0.019607844	0.13864839	1.0	0.0	0.0	0.0	0.0	0.0	294.13727	300.0	1124999	54596950000000.0	31676870000000.0	203937510000000.0	66202984.0	6028437000000.0	6630380000000.0	48261540000000.0	189176510.0	184848.17	37524.5	459675.88	60754.28	-6376387500000.0	3.184908e+27	90641.30272293091
76	0.0	0.0	0.0	0.0	0.0	0.0	0.0	0.0	300.0	300.0	1139999	54561587000000.0	31711377000000.0	203934170000000.0	78716380.0	6093278300000.0	6613012000000.0	48223700000000.0	214621620.0	184178.31	39994.35	958530.3	57457.914	-6422100700000.0	3.1801254e+27	91619.97762393951
77	0.0	0.0	0.0	0.0	0.0	0.0	0.0	0.0	300.0	300.0	1154999	54509397000000.0	31710890000000.0	203930350000000.0	85780904.0	6252200500000.0	6596474700000.0	48192637000000.0	246343170.0	210324.2	49858.723	600402.7	26407.459	-6602532300000.0	3.15982e+27	92598.19375061989
78	0.019607844	0.13864839	1.0	0.0	0.0	0.0	0.0	0.0	294.13727	300.0	1169999	54834976000000.0	31526994000000.0	203927750000000.0	91922840.0	6301265000000.0	6539472500000.0	48162006000000.0	282874850.0	272292.3	62120.695	655926.75	35313.24	-6650535000000.0	3.1802393e+27	93574.1930129528
79	0.0	0.0	0.0	0.0	0.0	0.0	0.0	0.0	300.0	300.0	1184999	56624290000000.0	30159332000000.0	203923080000000.0	96800780.0	6393839000000.0	6413226000000.0	48134660000000.0	307778880.0	209794.2	41803.66	611036.8	41371.246	-6271957700000.0	3.2987808e+27	94543.65608119965
80	0.03846154	0.19230768	1.0	0.0	0.0	0.0	0.0	0.0	288.5	300.0	1199999	56245520000000.0	30377375000000.0	203918340000000.0	3657484300.0	6079629500000.0	6445612400000.0	48106146000000.0	293348480.0	187308.2	34926.574	556705.7	66896.01	-4491294000000.0	3.43752e+27	95496.02419519424
81	0.0	0.0	0.0	0.0	0.0	0.0	0.0	0.0	300.0	300.0	1214999	55004540000000.0	31273716000000.0	203916630000000.0	3564319200.0	5882155400000.0	6489994000000.0	48075704000000.0	307962080.0	256904.56	61213.03	3079009.8	36439.797	-5415272000000.0	3.238628e+27	96571.66847586632
82	0.019607844	0.13864839	1.0	0.0	0.1	0.29999998	1.0	0.0	294.13727	270.1	1229999	54991880000000.0	31213110000000.0	203913140000000.0	3520525000.0	5917366000000.0	6436615600000.0	48051004000000.0	335703420.0	293693.34	55072.03	1169351.4	74052.43	-5417225700000.0	3.2335858e+27	97678.37819457054
83	0.03846154	0.19230768	1.0	0.0	0.0	0.0	0.0	0.0	288.5	300.0	1244999	55684247000000.0	30828357000000.0	203909440000000.0	3473069300.0	6271007700000.0	6189545000000.0	43067344000000.0	1116151900.0	250652.72	54202.47	1379526.6	68722.48	-5658781000000.0	3.2757964e+27	98790.77464747429
84	0.0	0.0	0.0	0.0	0.0	0.0	0.0	0.0	300.0	300.0	1259999	55312670000000.0	30872527000000.0	203905990000000.0	3116142000.0	6562538600000.0	6090831400000.0	39978243000000.0	1174794600.0	253178.94	62503.95	1017545.06	77187.47	-6433145400000.0	3.1797202e+27	99761.96236753464
85	0.10714286	0.3092948	1.0	0.0	0.0	0.0	0.0	0.0	264.89285	300.0	1274999	54688494000000.0	30979964000000.0	203903200000000.0	2898545200.0	6777270700000.0	6079612700000.0	39870257000000.0	1321576300.0	389125.62	108864.88	1277201.0	73737.45	-6711601000000.0	3.1042615e+27	100737.41364359856
86	0.056603774	0.23108391	1.0	0.0	0.0	0.0	0.0	0.0	283.07547	300.0	1289999	52794074000000.0	29174943000000.0	203899850000000.0	56518.305	6504218400000.0	5954940000000.0	39858570000000.0	1361485300.0	490875.9	117480.49	1494038.5	39239.27	-6159050700000.0	2.8898852e+27	101819.65556073189
87	0.019607844	0.13864839	1.0	0.0	0.0	0.0	0.0	0.0	294.13727	300.0	1304999	46450386000000.0	18820152000000.0	203689030000000.0	2495880000.0	5532610500000.0	5228397000000.0	39758395000000.0	1786204400.0	386033.1	118091.016	1304354.8	70655.375	-4831231000000.0	2.071947e+27	102936.99221873283
88	0.019607844	0.13864838	1.0	0.0	0.0	0.0	0.0	0.0	294.13727	300.0	1319999	42847718000000.0	11597470000000.0	149208940000000.0	2299319800.0	5331580000000.0	4863899500000.0	39620180000000.0	1697416600.0	203535.6	52673.27	729785.2	74398.18	-4577302700000.0	1.6461963e+27	104016.55811190605
89	0.019607844	0.13864839	1.0	0.0	0.0	0.0	0.0	0.0	294.13727	300.0	1334999	41323755000000.0	11630922000000.0	149207000000000.0	2103956000.0	5506006000000.0	4875187400000.0	39586880000000.0	1587147900.0	190673.1	48197.836	633259.5	68482.64	-4811768500000.0	1.5171021e+27	105025.27360391617
90	0.019607844	0.13864839	1.0	0.0	0.0	0.0	0.0	0.0	294.13727	300.0	1349999	40001190000000.0	11540787000000.0	149205690000000.0	1531660400.0	5491905300000.0	4856673700000.0	39457395000000.0	1537519700.0	213738.67	52837.016	697678.0	38627.355	-4947821000000.0	1.412299e+27	105965.02598309517
91	0.019607844	0.13864838	1.0	0.0	0.1	0.29999998	1.0	0.0	294.13727	270.1	1364999	39111465000000.0	11150211000000.0	149203300000000.0	35077.41	5432554000000.0	4899038300000.0	39412350000000.0	1480085000.0	201034.28	48073.992	648115.3	63659.883	-5202893600000.0	1.3222917e+27	106943.86621451378
92	0.019607844	0.13864839	1.0	0.0	0.0	0.0	0.0	0.0	294.13727	300.0	1379999	38814340000000.0	10818970000000.0	149201460000000.0	31992.418	5422709000000.0	4958974400000.0	39337815000000.0	1465275100.0	200370.72	44928.11	643413.6	54393.11	-5426957500000.0	1.2783338e+27	107934.18357181549
93	0.019607844	0.13864839	1.0	0.0	0.0	0.0	0.0	0.0	294.13727	300.0	1394999	39337250000000.0	10399508000000.0	149200180000000.0	28474.336	5737703500000.0	4952048500000.0	39260320000000.0	1485168600.0	227015.19	54216.023	1696231.0	62760.008	-5626544500000.0	1.2919137e+27	108967.45887422562
94	0.019607844	0.13864839	1.0	0.0	0.0	0.0	0.0	0.0	294.13727	300.0	1409999	40612420000000.0	9188273000000.0	149197700000000.0	27850.596	6199555000000.0	4805019000000.0	39163670000000.0	1390567400.0	331781.9	75397.67	1023067.9	98698.305	-5493659500000.0	1.3808433e+27	110068.0956068039
95	0.0	0.0	0.0	0.0	0.0	0.0	0.0	0.0	300.0	300.0	1424999	39914993000000.0	8867455000000.0	144576790000000.0	28100.285	6440160000000.0	4736414600000.0	39093480000000.0	1270026000.0	346770.12	93518.15	1170980.8	95256.06	-5707188000000.0	1.3116578e+27	111055.57393074036
96	0.019607844	0.13864839	1.0	0.0	0.1	0.29999998	1.0	0.0	294.13727	270.1	1439999	39541520000000.0	8872095000000.0	144576180000000.0	4339545.0	6429585000000.0	4719059000000.0	40500107000000.0	1202672900.0	306343.56	74772.68	866222.06	28551.393	-6127403000000.0	1.2587431e+27	112021.60782265663
97	0.03846154	0.19230768	1.0	0.0	0.0	0.0	0.0	0.0	288.5	300.0	1454999	39941270000000.0	9082623000000.0	144575410000000.0	5364526.5	6179504000000.0	4793988000000.0	40452450000000.0	1172086100.0	333642.22	91985.08	1081100.4	47968.105	-5787690000000.0	1.3159038e+27	113002.37047600746
98	0.03846154	0.19230768	1.0	0.0	0.0	0.0	0.0	0.0	288.5	300.0	1469999	40171410000000.0	9205026000000.0	144574770000000.0	5533308.0	5861734000000.0	4831490600000.0	40433443000000.0	1209425400.0	497111.0	133909.73	1449105.9	44923.184	-5582104300000.0	1.350009e+27	113982.65778374672
99	0.0	0.0	0.0	0.0	0.0	0.0	0.0	0.0	300.0	300.0	1484999	40196133000000.0	9339470000000.0	144574070000000.0	6153970.5	5691937000000.0	4865760000000.0	62318096000000.0	1156744300.0	457955.72	130864.17	1406131.1	91857.97	-5492742600000.0	1.361097e+27	114924.59618878365
100	0.056603774	0.23108391	1.0	0.0	0.0	0.0	0.0	0.0	283.07547	300.0	1499999	39201576000000.0	9725562000000.0	144573160000000.0	7133216.5	5612112000000.0	5037517400000.0	62336656000000.0	237594000.0	362051.62	109558.51	1751138.1	93099.13	-5382569700000.0	1.2997957e+27	115855.56548047066
101	0.056603774	0.23108391	1.0	0.0	0.0	0.0	0.0	0.0	283.07547	300.0	1514999	39517898000000.0	10152620000000.0	144572530000000.0	7366268.5	5458071400000.0	5143051400000.0	62271200000000.0	243891710.0	444823.22	114807.29	1348605.6	124067.46	-5571742000000.0	1.315862e+27	116844.3182849884
102	0.03846154	0.19230768	1.0	0.0	0.2	0.4	1.0	0.0	288.5	240.2	1529999	40909975000000.0	10391519000000.0	144571990000000.0	7973096.5	5248388000000.0	5130209000000.0	62227390000000.0	309206700.0	360081.88	101597.836	1228788.2	87757.52	-5161978000000.0	1.4470227e+27	117796.0189063549
103	0.019607844	0.13864839	1.0	0.0	0.0	0.0	0.0	0.0	294.13727	300.0	1544999	43392415000000.0	15755362000000.0	203589150000000.0	8565117.0	5167448000000.0	5338500700000.0	62145794000000.0	348776060.0	351969.6	102695.07	1099353.0	86705.516	-3949311300000.0	1.8369682e+27	118782.69887638092
104	0.019607844	0.13864838	1.0	0.0	0.1	0.29999998	1.0	0.0	294.13727	270.1	1559999	50399625000000.0	27704210000000.0	203885750000000.0	9129959.0	5812027000000.0	5860036700000.0	62082550000000.0	252199020.0	400319.9	113508.79	3539590.5	63678.25	-3765758000000.0	2.8545787e+27	119776.67328810692
105	0.03846154	0.19230767	1.0	0.0	0.1	0.29999998	1.0	0.0	288.5	270.1	1574999	53372577000000.0	31887517000000.0	203882580000000.0	9795507.0	6400469000000.0	5992427000000.0	62063913000000.0	251380940.0	403717.1	135428.3	2141613.8	55507.934	-5982603000000.0	3.102438e+27	120886.55665016174
106	0.019607844	0.13864839	1.0	0.0	0.0	0.0	0.0	0.0	294.13727	300.0	1589999	52428280000000.0	32202060000000.0	203879980000000.0	10344188.0	6498568600000.0	5985336000000.0	62099210000000.0	266432900.0	485694.7	117650.016	1376060.0	54195.875	-6363490000000.0	2.9963513e+27	122010.59803318977
107	0.0	0.0	0.0	0.0	0.0	0.0	0.0	0.0	300.0	300.0	1604999	52015003000000.0	32301872000000.0	203875870000000.0	8447070.0	6428355000000.0	6018499000000.0	62131670000000.0	298630980.0	458349.75	106909.64	1202196.8	88698.48	-6372284000000.0	2.9627227e+27	123010.90615177155
108	0.019607844	0.13864839	1.0	0.0	0.0	0.0	0.0	0.0	294.13727	300.0	1619999	51414043000000.0	32637578000000.0	203871610000000.0	8685353.0	6211126000000.0	6137854300000.0	62131953000000.0	290537380.0	408215.3	113912.8	1247691.0	53436.152	-5214346700000.0	3.0479862e+27	123943.15742349625
109	0.05357143	0.22517	1.0	0.0	0.0	0.0	0.0	0.0	269.4643	300.0	1634999	51975270000000.0	32689711000000.0	203867600000000.0	9038117.0	6106389000000.0	6198293700000.0	62131090000000.0	331039420.0	530963.2	141018.58	2142301.8	65226.035	-6277768400000.0	2.9758438e+27	124932.71500563622
110	0.0	0.0	0.0	0.0	0.0	0.0	0.0	0.0	300.0	300.0	1649999	52445913000000.0	32695013000000.0	203865190000000.0	9403887.0	6116163000000.0	6190931600000.0	62134352000000.0	373962460.0	761483.5	177390.8	2280486.8	79448.88	-6372855000000.0	3.0189944e+27	125915.43991708755
111	0.056603774	0.23108391	1.0	0.0	0.1	0.29999998	1.0	0.0	283.07547	270.1	1664999	52773600000000.0	32676367000000.0	203861830000000.0	9748385.0	6432190600000.0	6147118500000.0	62117640000000.0	443189280.0	728303.2	159514.34	2020826.5	69524.74	-6606756000000.0	3.031236e+27	126899.96323871613
112	0.019607844	0.13864839	1.0	0.0	0.0	0.0	0.0	0.0	294.13727	300.0	1679999	52554164000000.0	32696470000000.0	203856280000000.0	10108427.0	6724276700000.0	6110338600000.0	62113150000000.0	503253380.0	733836.7	151069.38	1926427.2	74127.78	-6504780400000.0	3.007454e+27	127859.33246278763
113	0.0	0.0	0.0	0.0	0.0	0.0	0.0	0.0	300.0	300.0	1694999	52747540000000.0	32526910000000.0	203854480000000.0	10458629.0	7015479400000.0	5891049000000.0	62043734000000.0	484635500.0	697259.4	166198.34	2061652.9	121857.13	-6474585000000.0	3.0562527e+27	128822.20981812477
114	0.03846154	0.19230768	1.0	0.0	0.0	0.0	0.0	0.0	288.5	300.0	1709999	52747966000000.0	32392618000000.0	203849850000000.0	10804841.0	7285086600000.0	5597682500000.0	45592110000000.0	963772300.0	417890.84	115883.63	1614756.4	94467.01	-6705302700000.0	3.0291457e+27	129885.28160071373
115	0.019607844	0.13864839	1.0	0.0	0.0	0.0	0.0	0.0	294.13727	300.0	1724999	51001380000000.0	33157106000000.0	203846850000000.0	11155584.0	7358598600000.0	5641632500000.0	45527446000000.0	953105340.0	438527.22	104834.445	1236346.8	64218.723	-6993925400000.0	2.8789178e+27	130964.64883589745
116	0.056603774	0.23108391	1.0	0.0	0.0	0.0	0.0	0.0	283.07547	300.0	1739999	50292725000000.0	32941588000000.0	203843280000000.0	11518505.0	7315856600000.0	5629179000000.0	45595970000000.0	1002659700.0	514502.06	120055.43	1738489.4	85584.984	-7269144000000.0	2.7651823e+27	132102.16812682152
117	0.019607844	0.13864839	1.0	0.0	0.0	0.0	0.0	0.0	294.13727	300.0	1754999	45123723000000.0	25855460000000.0	203840070000000.0	11857868.0	6591414300000.0	5307208000000.0	45600140000000.0	578624400.0	536353.94	129596.234	1791557.6	102139.86	-5933783000000.0	2.1320835e+27	133199.35192346573
118	0.018518519	0.13481686	1.0	0.0	0.0	0.0	0.0	0.0	279.72223	300.0	1769999	38311890000000.0	14444449000000.0	198125600000000.0	12222713.0	5603939300000.0	4989607000000.0	45508773000000.0	549208640.0	432776.22	106229.66	1446612.1	82644.164	-4350636500000.0	1.3943289e+27	134213.0136373043
119	0.056603774	0.23108391	1.0	0.0	0.1	0.29999998	1.0	0.0	280.5849	270.1	1784999	37617080000000.0	13271995000000.0	196709150000000.0	12623971.0	5143141500000.0	5005033000000.0	61728356000000.0	552895040.0	579359.4	157503.06	2394377.5	59926.504	-4842894000000.0	1.2769735e+27	135164.30271148682
120	0.019607844	0.13864839	1.0	0.0	0.1	0.29999998	1.0	0.0	294.13727	270.1	1799999	37028083000000.0	13647733000000.0	196703460000000.0	12907016.0	4720969000000.0	5190824500000.0	61704923000000.0	574332600.0	692399.5	182367.19	2387118.8	75178.17	-4307344200000.0	1.2801853e+27	136073.6137933731
121	0.019607844	0.13864838	1.0	0.0	0.0	0.0	0.0	0.0	294.13727	300.0	1814999	40219085000000.0	20331025000000.0	196697760000000.0	13240046.0	5006675700000.0	5611925300000.0	61636535000000.0	569879550.0	615591.8	173515.75	2332219.5	99828.91	-4351092600000.0	1.6641689e+27	137030.95045113564
122	0.0	0.0	0.0	0.0	0.0	0.0	0.0	0.0	300.0	300.0	1829999	42106510000000.0	21948059000000.0	196691700000000.0	13599184.0	5346189000000.0	5792788000000.0	61559657000000.0	576247900.0	597883.4	172350.94	2297311.2	100914.086	-5419578700000.0	1.7603372e+27	138017.22678685188
123	0.0	0.0	0.0	0.0	0.0	0.0	0.0	0.0	300.0	300.0	1844999	42572840000000.0	22979793000000.0	205384560000000.0	13925456.0	5508973500000.0	5857590400000.0	61512756000000.0	608092160.0	484156.06	135325.77	1896414.0	97741.67	-5106667000000.0	1.8478416e+27	139144.49292850494
124	0.0	0.0	0.0	0.0	0.1	0.29999998	1.0	0.0	300.0	270.1	1859999	42531690000000.0	23350663000000.0	205382300000000.0	14281358.0	5378783000000.0	5880396000000.0	61450050000000.0	691871360.0	489356.6	141888.75	2014065.8	106841.67	-5184366000000.0	1.8494286e+27	140219.90039467812
125	0.0	0.0	0.0	0.0	0.1	0.29999998	1.0	0.0	300.0	270.1	1874999	42617077000000.0	23389364000000.0	205376980000000.0	14631491.0	5077794000000.0	5829865000000.0	61400980000000.0	779412300.0	395382.12	113995.34	1692613.2	88648.266	-4715906600000.0	1.9076447e+27	141160.05499315262
126	0.019607844	0.13864839	1.0	0.0	0.2	0.4	1.0	0.0	292.92157	240.2	1889999	41884560000000.0	23939620000000.0	205373260000000.0	15018282.0	4721140600000.0	5874886000000.0	61338910000000.0	716726460.0	386567.75	114879.41	1708403.1	94129.49	-2557386000000.0	2.0631606e+27	142083.19143486023
127	0.03846154	0.19230768	1.0	0.0	0.1	0.29999998	1.0	0.0	288.5	270.1	1904999	41650357000000.0	24775960000000.0	205369110000000.0	15299494.0	4471094500000.0	5939555000000.0	61252877000000.0	584765400.0	530720.9	152160.27	2193406.2	126495.18	-2454833900000.0	2.0987504e+27	143041.3942759037
128	0.03846154	0.19230768	1.0	0.0	0.1	0.29999998	1.0	0.0	288.5	270.1	1919999	41331095000000.0	25004840000000.0	205361920000000.0	15661546.0	4202803000000.0	5879381000000.0	61181030000000.0	657443000.0	470417.78	144858.12	2232740.5	82689.19	-3341607800000.0	1.9874808e+27	143980.2509200573
129	0.03846154	0.19230768	1.0	0.0	0.0	0.0	0.0	0.0	288.5	300.0	1934999	41559950000000.0	24771182000000.0	205358600000000.0	15996488.0	4375558000000.0	5827716400000.0	61128378000000.0	623797100.0	377978.03	118126.234	1729481.6	67677.81	-3927855900000.0	1.9367417e+27	144906.08402848244
130	0.03846154	0.19230768	1.0	0.0	0.0	0.0	0.0	0.0	288.5	300.0	1949999	40661403000000.0	24730852000000.0	205356280000000.0	16359698.0	4385266700000.0	5804030700000.0	61103325000000.0	652569500.0	524440.8	175862.7	2043478.6	100905.19	-3992057800000.0	1.864666e+27	145823.73237252235
131	0.03846154	0.19230768	1.0	0.0	0.0	0.0	0.0	0.0	288.5	300.0	1964999	41171850000000.0	24732424000000.0	205350050000000.0	16661215.0	4765423000000.0	5763982400000.0	61039410000000.0	894836500.0	694175.7	213706.0	2899600.8	160232.83	-4178127000000.0	1.9019781e+27	146791.37734603882
132	0.019607844	0.13864839	1.0	0.0	0.0	0.0	0.0	0.0	294.13727	300.0	1979999	42103036000000.0	24208107000000.0	205346780000000.0	17013896.0	5054074000000.0	5731117000000.0	60986262000000.0	824361400.0	697161.5	198664.02	2813940.5	191539.75	-4421615000000.0	1.937756e+27	147787.87828826904
133	0.019607844	0.13864838	1.0	0.0	0.0	0.0	0.0	0.0	294.13727	300.0	1994999	41932900000000.0	24092816000000.0	205342990000000.0	17322354.0	5296734000000.0	5581522000000.0	60921796000000.0	792065600.0	593367.1	165430.02	2374774.5	203027.34	-5134772000000.0	1.8611748e+27	148897.18657255173
134	0.019607844	0.13864839	1.0	0.0	0.0	0.0	0.0	0.0	294.13727	300.0	2009999	41489690000000.0	21527120000000.0	205339630000000.0	17663972.0	5287634300000.0	5218253700000.0	60824387000000.0	868416830.0	513351.12	131934.36	1982065.6	205754.88	-5591556000000.0	1.7163494e+27	149901.58799672127
135	0.0	0.0	0.0	0.0	0.0	0.0	0.0	0.0	300.0	300.0	2024999	39720935000000.0	16784475000000.0	205334900000000.0	17989870.0	4823906000000.0	4705238000000.0	46495143000000.0	992022900.0	538868.0	142793.42	1988718.1	286748.06	-5051783000000.0	1.5087495e+27	150917.87147784233
136	0.03846154	0.19230768	1.0	0.0	0.0	0.0	0.0	0.0	288.5	300.0	2039999	39373380000000.0	15895477000000.0	205329940000000.0	18329264.0	4854446600000.0	4647253000000.0	46477500000000.0	1117299600.0	548123.44	145056.17	2183232.0	284061.1	-4904774500000.0	1.4739865e+27	151908.7978465557
137	0.056603774	0.23108391	1.0	0.0	0.1	0.29999998	1.0	0.0	283.07547	270.1	2054999	38562520000000.0	13933216000000.0	192532400000000.0	18668108.0	4949595000000.0	4574753600000.0	46383750000000.0	1211252200.0	666054.06	182478.86	2654488.0	221459.3	-4692411000000.0	1.385857e+27	152841.45788502693
138	0.0	0.0	0.0	0.0	0.1	0.29999998	1.0	0.0	300.0	270.1	2069999	38213746000000.0	13729288000000.0	192531790000000.0	19024332.0	4895104600000.0	4559431000000.0	46287130000000.0	1235416000.0	741995.25	185128.98	2855069.2	208906.1	-4714671400000.0	1.3539968e+27	153761.1532075405
139	0.056603774	0.23108391	1.0	0.0	0.0	0.0	0.0	0.0	283.07547	300.0	2084999	38768002000000.0	13381445000000.0	192529830000000.0	19314958.0	4975264500000.0	4498860000000.0	46206642000000.0	1274017200.0	564849.1	173265.48	2457563.2	187142.05	-5342605300000.0	1.3421582e+27	154750.0874941349
140	0.0	0.0	0.0	0.0	0.0	0.0	0.0	0.0	300.0	300.0	2099999	40371866000000.0	12458899000000.0	192528220000000.0	19644620.0	5069171300000.0	4363559400000.0	40430380000000.0	72392320000.0	507810.78	122244.35	1897608.6	230273.75	-5363691700000.0	1.432186e+27	155733.64529561996
141	0.037037037	0.18885258	1.0	0.0	0.0	0.0	0.0	0.0	279.1111	300.0	2114999	42202370000000.0	11375044000000.0	192526940000000.0	18946750.0	5128165000000.0	4333302000000.0	40366342000000.0	1712911500.0	494676.8	122956.69	5812261.5	134072.11	-4785539400000.0	1.5890033e+27	156678.99359560013
142	0.019607844	0.13864839	1.0	0.0	0.0	0.0	0.0	0.0	294.13727	300.0	2129999	42906165000000.0	12011705000000.0	192524780000000.0	19006074.0	4937097400000.0	4356133600000.0	40242753000000.0	1622601700.0	703213.56	191648.27	2821041.2	119481.945	-2437841000000.0	1.8339434e+27	157630.7918305397
143	0.0	0.0	0.0	0.0	0.0	0.0	0.0	0.0	300.0	300.0	2144999	44174477000000.0	12507358000000.0	192523600000000.0	19523312.0	4964276500000.0	4227100600000.0	40159220000000.0	1546545000.0	685666.9	184026.5	2752051.8	160826.06	-2621688800000.0	1.9335157e+27	158619.41059541702
144	0.019607844	0.13864838	1.0	0.0	0.0	0.0	0.0	0.0	294.13727	300.0	2159999	48222060000000.0	18603682000000.0	194218820000000.0	19693458.0	5482164500000.0	5076154300000.0	52559660000000.0	1548154500.0	652577.06	184301.25	2295926.2	165492.7	-4915269700000.0	2.2255219e+27	159678.66876363754
145	0.056603774	0.23108394	1.0	0.0	0.0	0.0	0.0	0.0	283.07547	300.0	2174999	53999055000000.0	25257893000000.0	242916300000000.0	20199966.0	6219786400000.0	5659736700000.0	52700717000000.0	1606308200.0	738076.7	192093.0	2321862.8	134505.6	-5832107000000.0	2.888458e+27	160766.30519652367
146	0.019607844	0.13864838	1.0	0.0	0.1	0.29999998	1.0	0.0	294.13727	270.1	2189999	60097523000000.0	29506142000000.0	242915830000000.0	20516040.0	6962671000000.0	6068721000000.0	52876408000000.0	1674048400.0	722709.5	189690.39	2500005.8	85683.62	-6811762000000.0	3.5878882e+27	161821.98443603516
147	0.019607844	0.13864839	1.0	0.0	0.1	0.29999998	1.0	0.0	294.13727	270.1	2204999	65501000000000.0	32135033000000.0	242914760000000.0	20602680.0	7727875000000.0	6353298000000.0	53255330000000.0	1745693000.0	641976.1	180405.31	2493776.0	100526.97	-8166186700000.0	4.1593978e+27	162897.60544228554
148	0.0	0.0	0.0	0.0	0.0	0.0	0.0	0.0	300.0	300.0	2219999	66523444000000.0	32970883000000.0	242914090000000.0	21060152.0	8067237300000.0	6519684000000.0	54280670000000.0	1822615300.0	656917.5	189346.06	2454091.0	106606.55	-9743676000000.0	4.131721e+27	164019.12660360336
149	0.01923077	0.13733517	1.0	0.0	0.1	0.29999998	1.0	0.0	289.65384	175.9	2234999	66314714000000.0	33090315000000.0	242913520000000.0	21650922.0	8062718400000.0	6714727300000.0	55177856000000.0	1902529000.0	642290.4	183753.02	2528001.0	142539.64	-9759784000000.0	4.1051945e+27	165077.24899578094
150	0.01923077	0.13733517	1.0	0.0	0.0	0.0	0.0	0.0	289.6154	300.0	2249999	66400094000000.0	33041597000000.0	242912730000000.0	22121310.0	7967226000000.0	6960149700000.0	55843560000000.0	1984290800.0	658561.25	183999.25	2723884.0	138379.77	-9643518000000.0	4.1147236e+27	166195.32110214233
151	0.0	0.0	0.0	0.0	0.0	0.0	0.0	0.0	300.0	300.0	2264999	66755376000000.0	32855476000000.0	242911660000000.0	22723470.0	8150504700000.0	7100384700000.0	56743140000000.0	2068590000.0	694821.06	197587.66	2779823.8	209185.52	-9821026000000.0	4.125796e+27	167197.01313996315
152	0.019607844	0.13864838	1.0	0.0	0.0	0.0	0.0	0.0	294.13727	300.0	2279999	67129513000000.0	32638444000000.0	242911070000000.0	23424102.0	8349824000000.0	7187878400000.0	57669457000000.0	2138046600.0	643701.3	196851.62	2506176.5	198966.34	-9850834000000.0	4.1507125e+27	168282.7261209488
153	0.019607844	0.13864839	1.0	0.0	0.0	0.0	0.0	0.0	294.13727	300.0	2294999	66802890000000.0	32812915000000.0	242910530000000.0	24135644.0	8433677000000.0	7319308500000.0	58193267000000.0	2112820900.0	648749.1	176200.53	2623568.8	128600.2	-9894837000000.0	4.1131986e+27	169393.05164074898
154	0.0	0.0	0.0	0.0	0.0	0.0	0.0	0.0	300.0	300.0	2309999	66610375000000.0	32902046000000.0	242909600000000.0	25283254.0	8551588700000.0	7454152000000.0	59255500000000.0	2166106600.0	686847.1	190857.89	2624184.0	175439.11	-10202110000000.0	4.0638263e+27	170363.12297177315
155	0.039215688	0.19410774	1.0	0.0	0.0	0.0	0.0	0.0	288.2745	300.0	2324999	67123360000000.0	32401984000000.0	242909020000000.0	26996254.0	8683660500000.0	7537745000000.0	60147570000000.0	2279100000.0	646563.0	167039.88	2666156.5	223160.81	-10208661000000.0	4.0820145e+27	171339.43580460548
156	0.02631579	0.1600727	1.0	0.0	0.0	0.0	0.0	0.0	200.86842	300.0	2339999	67320064000000.0	32038766000000.0	242908250000000.0	2176960300.0	8563773000000.0	7707431500000.0	60381293000000.0	2393784300.0	711089.8	196513.28	3483370.8	195260.5	-9229697000000.0	4.1773003e+27	172365.6935479641
157	0.03773585	0.19055669	1.0	0.0	0.0	0.0	0.0	0.0	281.4717	300.0	2354999	65871050000000.0	31518030000000.0	242907450000000.0	220670830.0	8039855300000.0	7614700700000.0	60137285000000.0	2399209000.0	753184.7	156705.98	2640989.8	220004.72	-8131441600000.0	4.0793153e+27	173349.3896741867
158	0.019607844	0.13864839	1.0	0.0	0.0	0.0	0.0	0.0	294.13727	300.0	2369999	61067350000000.0	28628285000000.0	242906470000000.0	230535650.0	7022209000000.0	7101871000000.0	48415346000000.0	2450304500.0	981770.9	201592.78	2852850.8	175089.48	-7288318000000.0	3.5353702e+27	174327.18219780922
159	0.074074075	0.2618914	1.0	0.0	0.0	0.0	0.0	0.0	277.85184	300.0	2384999	56198863000000.0	23793697000000.0	200881200000000.0	243897340.0	6073048600000.0	6534797500000.0	45237380000000.0	2505642500.0	1132023.9	204951.97	2961759.5	194720.1	-6166602000000.0	2.9736653e+27	175308.00968956947
160	0.03846154	0.19230768	1.0	0.0	0.0	0.0	0.0	0.0	288.5	300.0	2399999	51473620000000.0	16651378000000.0	200878400000000.0	256828560.0	5134600400000.0	5768596700000.0	44897248000000.0	2543449600.0	947819.4	159527.83	2442772.2	242107.16	-5012683500000.0	2.4356541e+27	176273.01237034798
161	0.019607844	0.13864839	1.0	0.0	0.0	0.0	0.0	0.0	294.13727	300.0	2414999	48839323000000.0	9188725000000.0	194837330000000.0	279754200.0	4570825000000.0	5147598000000.0	44577952000000.0	2522283500.0	1003886.1	150688.48	2458149.5	402202.4	-4322570800000.0	2.134236e+27	177256.79438734055
162	0.019607844	0.13864839	1.0	0.0	0.1	0.29999998	1.0	0.0	294.13727	270.1	2429999	49372900000000.0	11033054000000.0	152508650000000.0	315449340.0	4847834000000.0	5767860000000.0	46553226000000.0	2443431200.0	967738.1	182668.2	2794744.5	373255.44	-2792590100000.0	2.3789235e+27	178204.7905807495
163	0.0	0.0	0.0	0.0	0.0	0.0	0.0	0.0	300.0	300.0	2444999	49971705000000.0	13001501000000.0	152508280000000.0	323681540.0	5182401300000.0	6420769000000.0	46329057000000.0	2407170600.0	877968.0	201249.75	3050976.5	337117.8	-4700549700000.0	2.3193865e+27	179188.25945162773
164	0.019607844	0.13864838	1.0	0.0	0.0	0.0	0.0	0.0	294.13727	300.0	2459999	50419573000000.0	13235938000000.0	167008760000000.0	348911070.0	5196489400000.0	6365375000000.0	45916413000000.0	2344956400.0	925523.5	248499.62	3975487.8	330254.1	-3948895500000.0	2.4351984e+27	180156.87183856964
165	0.056603774	0.23108391	1.0	0.0	0.0	0.0	0.0	0.0	283.07547	300.0	2474999	50702924000000.0	15303186000000.0	167006410000000.0	364879500.0	5675670300000.0	7078522000000.0	45407065000000.0	2295092000.0	1001831.06	217470.77	3643148.8	340478.47	-4496425500000.0	2.484361e+27	181144.79806780815
166	0.03846154	0.19230767	1.0	0.0	0.0	0.0	0.0	0.0	288.5	300.0	2489999	50825133000000.0	15338383000000.0	166997590000000.0	391462100.0	5927111500000.0	7076552000000.0	45161703000000.0	2246946000.0	922527.1	221793.06	2813321.0	267004.34	-5205624600000.0	2.4309478e+27	182106.5891354084
167	0.019607844	0.13864839	1.0	0.0	0.0	0.0	0.0	0.0	294.13727	300.0	2504999	50908654000000.0	15435735000000.0	166990810000000.0	405613380.0	5915034000000.0	7075606000000.0	44959525000000.0	2256794600.0	934061.75	224481.72	2710627.8	309685.7	-5122004400000.0	2.4470055e+27	183035.23378801346
168	0.03846154	0.19230768	1.0	0.0	0.0	0.0	0.0	0.0	288.5	300.0	2519999	50866107000000.0	15444477000000.0	166982960000000.0	412268830.0	5851998300000.0	7035089300000.0	44856823000000.0	2202642400.0	948713.3	229472.05	2771847.5	328948.72	-5170194000000.0	2.4435444e+27	184022.97381973267
169	0.019607844	0.13864838	1.0	0.0	0.1	0.29999998	1.0	0.0	294.13727	270.1	2534999	50891403000000.0	15461998000000.0	166975750000000.0	448351230.0	5832563500000.0	6989280000000.0	44573053000000.0	2148151300.0	831761.44	224003.1	3208863.2	276822.1	-5170050000000.0	2.4468394e+27	184998.13472104073
170	0.019607844	0.13864839	1.0	0.0	0.0	0.0	0.0	0.0	294.13727	300.0	2549999	50945810000000.0	15583508000000.0	166967220000000.0	473690700.0	5831196000000.0	6986297000000.0	44482326000000.0	2140478700.0	805403.56	193355.62	5589905.5	271772.16	-5075417700000.0	2.4618591e+27	185976.58050870895
171	0.0	0.0	0.0	0.0	0.0	0.0	0.0	0.0	300.0	300.0	2564999	51201560000000.0	15327416000000.0	166959200000000.0	3427756500.0	5757338000000.0	6830769000000.0	44270694000000.0	2448197000.0	839834.0	161167.83	4783207.0	209261.2	-5028309400000.0	2.4787097e+27	186962.01610040665
172	0.019607844	0.13864839	1.0	0.0	0.0	0.0	0.0	0.0	294.13727	300.0	2579999	51022165000000.0	15380282000000.0	166952560000000.0	120689100.0	5675582000000.0	6823329000000.0	44070936000000.0	2396091000.0	865620.44	202793.53	2857906.0	233234.81	-4586719000000.0	2.5041266e+27	187930.29978370667
173	0.03846154	0.19230768	1.0	0.0	0.0	0.0	0.0	0.0	288.5	300.0	2594999	50688000000000.0	15576299000000.0	166945180000000.0	74463260.0	5610080300000.0	6904853000000.0	43767705000000.0	2364096800.0	744300.1	253445.03	2959892.8	209292.83	-4743662000000.0	2.4650691e+27	188915.15470337868
174	0.0	0.0	0.0	0.0	0.1	0.29999998	1.0	0.0	300.0	270.1	2609999	50616286000000.0	15600676000000.0	166937930000000.0	78035384.0	5572326300000.0	6883211500000.0	43708024000000.0	2352620800.0	766838.06	296719.8	2895305.5	322767.53	-4921169500000.0	2.4396365e+27	189885.82258415222
175	0.0	0.0	0.0	0.0	0.0	0.0	0.0	0.0	300.0	300.0	2624999	50463387000000.0	15379768000000.0	166928480000000.0	80274320.0	5493845000000.0	6802087300000.0	43489178000000.0	2304220700.0	779645.9	321220.9	3097145.2	293101.53	-4517431000000.0	2.4545342e+27	190840.64150857925
176	0.019607844	0.13864839	1.0	0.0	0.0	0.0	0.0	0.0	294.13727	300.0	2639999	49942760000000.0	13437800000000.0	166922710000000.0	83115520.0	5063063000000.0	6120633500000.0	41419520000000.0	2296394200.0	811276.9	273606.47	3458746.0	228285.28	-4523279500000.0	2.3304135e+27	191813.76156830788
177	0.03846154	0.19230767	1.0	0.0	0.0	0.0	0.0	0.0	288.5	300.0	2654999	49925990000000.0	13381818000000.0	166915180000000.0	88465144.0	5041794600000.0	6097034000000.0	40796686000000.0	2297241900.0	833422.2	251896.52	2822697.0	264912.25	-4583059000000.0	2.3220882e+27	192798.0652077198
178	0.0	0.0	0.0	0.0	0.0	0.0	0.0	0.0	300.0	300.0	2669999	49633390000000.0	11173804000000.0	166907460000000.0	97528296.0	4699691000000.0	5423538600000.0	42142300000000.0	2302020400.0	936151.1	209179.11	5600510.0	265724.4	-4318959200000.0	2.2568259e+27	193778.1980662346
179	0.01923077	0.13733518	1.0	0.0	0.0	0.0	0.0	0.0	289.3846	300.0	2684999	49693577000000.0	10359934000000.0	137493330000000.0	104572390.0	4275633400000.0	4976746700000.0	42133030000000.0	2272195300.0	819123.75	189468.45	7949523.0	238712.19	-3573405500000.0	2.3049221e+27	194757.66555547714
180	0.019607844	0.13864838	1.0	0.0	0.0	0.0	0.0	0.0	294.13727	300.0	2699999	49487658000000.0	12036838000000.0	164925540000000.0	108517480.0	4397186200000.0	5492036300000.0	44483438000000.0	2190502400.0	1014095.7	205093.52	6594727.0	97516.664	-2635924500000.0	2.423715e+27	195700.9836473465
181	0.0	0.0	0.0	0.0	0.0	0.0	0.0	0.0	300.0	300.0	2714999	49418095000000.0	13764424000000.0	164924500000000.0	118417370.0	4725148000000.0	6162231600000.0	44415255000000.0	2132190800.0	1017251.75	251423.39	2763207.2	99914.28	-3672872300000.0	2.380047e+27	196651.87420630455
182	0.0	0.0	0.0	0.0	0.0	0.0	0.0	0.0	300.0	300.0	2729999	49343920000000.0	14482391000000.0	164923340000000.0	133259064.0	4885273000000.0	6442441500000.0	44323510000000.0	2125793800.0	938990.0	284094.16	2757963.5	167746.9	-4427470600000.0	2.3322996e+27	197628.98984479904
183	0.056603774	0.23108391	1.0	0.0	0.0	0.0	0.0	0.0	283.07547	300.0	2744999	49327305000000.0	14450135000000.0	164921810000000.0	148869800.0	4875315300000.0	6437309000000.0	44192546000000.0	2133895200.0	1046979.3	262806.62	2719242.0	202515.02	-4482002300000.0	2.3284369e+27	198614.53161287308
184	0.03846154	0.19230768	1.0	0.0	0.0	0.0	0.0	0.0	288.5	300.0	2759999	49339045000000.0	14317944000000.0	164921360000000.0	163999630.0	4846745000000.0	6395326000000.0	44109323000000.0	2149425700.0	883048.3	263438.1	2606677.8	88838.68	-4428885700000.0	2.3298317e+27	199597.627712965
185	0.0	0.0	0.0	0.0	0.0	0.0	0.0	0.0	300.0	300.0	2774999	49404990000000.0	14414402000000.0	164920000000000.0	171843440.0	4860069500000.0	6385765000000.0	44047160000000.0	2134619800.0	793687.44	228000.58	3878294.5	79697.39	-4114802500000.0	2.3598139e+27	200572.29271316528
186	0.0	0.0	0.0	0.0	0.0	0.0	0.0	0.0	300.0	300.0	2789999	49712535000000.0	14422188000000.0	164919130000000.0	177835230.0	4920057500000.0	6304320500000.0	43943555000000.0	2136402800.0	868449.75	195073.42	2281109.0	124608.38	-4500738300000.0	2.3616704e+27	201551.85115480423
187	0.019607844	0.13864839	1.0	0.0	0.2	0.4	1.0	0.0	294.13727	240.2	2804999	49870680000000.0	14363047000000.0	164917940000000.0	190670830.0	4928953600000.0	6222668000000.0	43845180000000.0	2149254700.0	879994.25	264278.6	6992123.5	121667.04	-4466531000000.0	2.3768594e+27	202517.0480568409
188	0.03846154	0.19230768	1.0	0.0	0.0	0.0	0.0	0.0	288.5	300.0	2819999	49895193000000.0	14254066000000.0	164916760000000.0	204253420.0	4893215600000.0	6165264000000.0	43734733000000.0	2147080700.0	941320.56	290316.5	6517991.5	87394.9	-4458771000000.0	2.3747927e+27	203503.04446578026
189	0.03846154	0.19230767	1.0	0.0	0.0	0.0	0.0	0.0	288.5	300.0	2834999	50115436000000.0	13853443000000.0	164915820000000.0	216874670.0	4834767000000.0	5940388600000.0	43666203000000.0	2138883000.0	896189.0	273337.22	2766736.5	74552.55	-4429290000000.0	2.3831775e+27	204488.47190189362
190	0.019607844	0.13864838	1.0	0.0	0.0	0.0	0.0	0.0	294.13727	300.0	2849999	50167567000000.0	13567361000000.0	164914180000000.0	232411360.0	4768965000000.0	5793825400000.0	43571177000000.0	2135611100.0	818852.94	254877.83	2725129.2	67966.375	-4380737400000.0	2.3808104e+27	205473.75201654434
191	0.019607844	0.13864838	1.0	0.0	0.1	0.29999998	1.0	0.0	294.13727	270.1	2864999	50165168000000.0	13908233000000.0	191369720000000.0	254392830.0	4956529600000.0	5851125000000.0	43474422000000.0	2099306800.0	810736.56	231832.83	2560311.5	83370.65	-3986227200000.0	2.4249877e+27	206452.49028515816
192	0.032258064	0.17668469	1.0	0.0	0.0	0.0	0.0	0.0	237.79033	300.0	2879999	52439487000000.0	19556769000000.0	191369680000000.0	263539140.0	5633521000000.0	6405574600000.0	45530320000000.0	2051963000.0	645971.7	200953.1	2611204.5	139847.72	-4236939400000.0	2.7521294e+27	207450.60992598534
193	0.03846154	0.19230768	1.0	0.0	0.0	0.0	0.0	0.0	288.5	300.0	2894999	52836450000000.0	19964386000000.0	191369580000000.0	2421296000.0	5956504600000.0	6439059300000.0	45464913000000.0	2058446800.0	670886.75	184967.08	2454158.5	141356.17	-5598329000000.0	2.6568317e+27	208437.37167549133
194	0.0	0.0	0.0	0.0	0.0	0.0	0.0	0.0	300.0	300.0	2909999	52777520000000.0	18418840000000.0	191369520000000.0	267644500000.0	5657938400000.0	5834758700000.0	45368200000000.0	54238507000.0	768423.7	198097.2	2534372.0	332664.16	-5452998400000.0	2.5903786e+27	209417.89397525787
195	0.056603774	0.23108391	1.0	0.0	0.0	0.0	0.0	0.0	283.07547	300.0	2924999	52911230000000.0	17622347000000.0	191369410000000.0	270747140000.0	5409752500000.0	5418012000000.0	45292003000000.0	54502404000.0	760548.9	188575.4	2510298.5	267398.94	-4991936400000.0	2.6087208e+27	210388.79966282845
196	0.019607844	0.13864839	1.0	0.0	0.0	0.0	0.0	0.0	294.13727	300.0	2939999	52716150000000.0	17542089000000.0	191369310000000.0	273353700000.0	5315906000000.0	5358082300000.0	45205504000000.0	2204658000.0	633567.94	140963.12	1764845.5	233937.48	-5243948000000.0	2.5575862e+27	211381.1148712635
197	0.019607844	0.13864839	1.0	0.0	0.0	0.0	0.0	0.0	294.13727	300.0	2954999	52731220000000.0	17568866000000.0	191369210000000.0	275545200000.0	5302725400000.0	5344593400000.0	45143873000000.0	2289739500.0	697533.56	131302.98	1793189.2	236477.8	-5265231000000.0	2.5578267e+27	212362.40153217316
198	0.019607844	0.13864838	1.0	0.0	0.0	0.0	0.0	0.0	294.13727	300.0	2969999	52461750000000.0	17750477000000.0	191369110000000.0	23063366000.0	5254122000000.0	5300437000000.0	50745643000000.0	2321407500.0	634327.3	150990.06	1743632.1	170753.47	-4083102300000.0	2.651718e+27	213336.54694604874
199	0.019607844	0.13864838	1.0	0.0	0.0	0.0	0.0	0.0	294.13727	300.0	2984999	51128540000000.0	18665538000000.0	191369050000000.0	23300130000.0	5110600600000.0	5251929700000.0	50692497000000.0	2305450200.0	711012.8	167951.86	2391375.0	153351.1	-3862743500000.0	2.570532e+27	214288.0167851448
200	0.019607844	0.13864839	1.0	0.0	0.1	0.29999998	1.0	0.0	294.13727	270.1	2999999	50084662000000.0	18907977000000.0	191368960000000.0	24178924000.0	5172642700000.0	5241949000000.0	50545710000000.0	2217214500.0	686583.06	153924.66	2190861.2	177023.4	-3703387700000.0	2.501793e+27	215246.7902390957
