Epoch	AverageEpRet	StdEpRet	MaxEpRet	MinEpRet	AverageTestEpRet	StdTestEpRet	MaxTestEpRet	MinTestEpRet	EpLen	TestEpLen	TotalEnvInteracts	AverageQ1Vals	StdQ1Vals	MaxQ1Vals	MinQ1Vals	AverageQ2Vals	StdQ2Vals	MaxQ2Vals	MinQ2Vals	AverageLogPi	StdLogPi	MaxLogPi	MinLogPi	LossPi	LossQ	Time
1	0.09118541	0.28787258	1.0	0.0	0.0	0.0	0.0	0.0	45.531914	50.0	14999	17.84279	8.679409	46.547237	-3.6871564	17.840712	8.669352	48.064453	-9.483339	-2.516181	0.707081	7.7757273	-10.855045	-18.263931	1.9006599	135.02250146865845
2	0.08588957	0.28020093	1.0	0.0	0.1	0.29999998	1.0	0.0	45.92638	45.1	29999	24.090784	10.149734	44.25824	-7.7317305	24.089588	10.139433	43.741608	-15.444947	-2.6319916	0.49919254	6.106641	-11.003489	-24.385693	2.1881206	280.6384062767029
3	0.05362776	0.22528166	1.0	0.0	0.1	0.29999998	1.0	0.0	47.37224	45.1	44999	24.089102	9.770142	41.50283	-10.287503	24.089035	9.764387	39.18712	-12.320597	-2.6355784	0.51286334	7.129477	-10.011994	-24.40478	2.0801528	427.54047536849976
4	0.09726444	0.29631752	1.0	0.0	0.1	0.29999998	1.0	0.0	45.55015	45.1	59999	24.004948	9.545077	39.815517	-12.0514145	24.004976	9.537728	40.104668	-17.692385	-2.5211	0.74266344	8.754446	-10.926293	-24.350424	1.8675826	576.4081432819366
5	0.1051051	0.3066888	1.0	0.0	0.2	0.4	1.0	0.0	45.084084	40.2	74999	23.70244	9.596377	41.310703	-11.88574	23.70268	9.593196	40.54501	-16.71247	-2.283024	1.0215448	6.6440077	-11.057051	-24.07918	1.917542	726.4036912918091
6	0.05362776	0.22528164	1.0	0.0	0.0	0.0	0.0	0.0	47.388012	50.0	89999	23.72813	9.885186	40.561558	-7.756755	23.728415	9.881719	40.580032	-11.436898	-2.1474953	1.118854	5.246304	-12.975198	-24.129084	1.855064	877.5010488033295
7	0.065625	0.24762543	1.0	0.0	0.0	0.0	0.0	0.0	46.871876	50.0	104999	24.076117	10.132969	42.114716	-6.352413	24.076347	10.129111	42.393753	-7.9580417	-2.0545628	1.1777717	4.54914	-11.620861	-24.497149	1.9111313	1028.199111700058
8	0.10271903	0.30359158	1.0	0.0	0.1	0.29999998	1.0	0.0	45.277946	45.1	119999	23.97931	10.131973	42.58766	-7.600613	23.97957	10.128279	41.553314	-8.725474	-2.0686722	1.1763668	4.539092	-13.217855	-24.398508	1.8847551	1179.0724246501923
9	0.09726444	0.29631752	1.0	0.0	0.0	0.0	0.0	0.0	45.613983	50.0	134999	23.723541	9.993942	41.80064	-5.2813663	23.72389	9.989902	41.10128	-6.238456	-2.1292355	1.1373289	4.3000145	-12.3610325	-24.132587	1.8282883	1330.125289440155
10	0.12012012	0.32510197	1.0	0.0	0.1	0.29999998	1.0	0.0	45.063065	45.3	149999	23.565346	9.857021	40.34212	-5.812255	23.5658	9.852898	40.35312	-5.400779	-2.1754928	1.1096247	4.2644114	-13.885042	-23.97006	1.7552	1481.0428066253662
11	0.15476191	0.36167756	1.0	0.0	0.2	0.4	1.0	0.0	44.63988	40.2	164999	23.39587	9.720069	40.824677	-5.254837	23.39614	9.717263	41.676342	-4.8194914	-2.220394	1.0724708	6.7777185	-11.525435	-23.799534	1.7583789	1631.7269387245178
12	0.18103448	0.38504675	1.0	0.0	0.2	0.4	1.0	0.0	43.060345	42.1	179999	23.349358	9.61825	43.62276	-4.2102656	23.3496	9.616704	40.275482	-5.22526	-2.2543552	1.0512215	4.4707665	-12.688722	-23.753529	1.7871709	1782.8352224826813
13	0.17201166	0.37739056	1.0	0.0	0.3	0.45825756	1.0	0.0	43.75802	35.5	194999	23.21189	9.447396	42.311054	-3.623982	23.212029	9.447277	41.842625	-2.9934025	-2.3154972	0.9988869	4.727844	-12.737756	-23.610523	1.8174691	1933.7808430194855
14	0.21776505	0.41272685	1.0	0.0	0.1	0.29999998	1.0	0.0	43.014328	46.1	209999	23.158197	9.354449	45.023327	-2.8192677	23.158415	9.353939	46.553207	-3.0712633	-2.3456159	0.975654	5.0486813	-11.969709	-23.556795	1.8636111	2084.8361456394196
15	0.23809524	0.4259177	1.0	0.0	0.3	0.45825756	1.0	0.0	41.966385	40.8	224999	23.045792	9.252862	40.834995	-2.5245967	23.045832	9.252638	39.394043	-2.2573674	-2.3580701	0.9661967	5.878695	-13.468267	-23.440895	1.9658134	2235.5525598526
16	0.25072047	0.43342784	1.0	0.0	0.0	0.0	0.0	0.0	43.164265	50.0	239999	23.009727	9.196579	45.04046	-3.4602666	23.00971	9.196891	44.664658	-3.5021346	-2.3458693	0.98105294	5.7697964	-11.144987	-23.408043	2.0710974	2386.4858865737915
17	0.29166666	0.45452967	1.0	0.0	0.1	0.29999998	1.0	0.0	41.691666	46.5	254999	23.089392	9.27051	68.56019	-7.9257927	23.089321	9.271143	69.19298	-5.4060383	-2.3120637	1.0108553	7.0514584	-12.261163	-23.490763	2.2856936	2537.510695695877
18	0.34054053	0.47389096	1.0	0.0	0.2	0.4	1.0	0.0	40.556755	43.3	269999	22.871078	9.091395	39.743378	-5.379177	22.871096	9.091527	39.40965	-8.682195	-2.3436182	0.98926747	5.327746	-12.627757	-23.260267	2.4104118	2688.3704545497894
19	0.3846154	0.48650423	1.0	0.0	0.4	0.48989797	1.0	0.0	39.846153	32.7	284999	22.947329	9.017405	39.295403	-4.9416203	22.947287	9.017187	39.478745	-5.040997	-2.34029	0.99540263	5.414292	-12.891961	-23.334173	2.566324	2838.8336453437805
20	0.51237625	0.49984682	1.0	0.0	0.5	0.5	1.0	0.0	37.05198	34.5	299999	23.002573	8.915872	39.851086	-3.260747	23.00262	8.914742	37.954025	-4.745246	-2.3246694	1.014929	8.66977	-11.581962	-23.387297	2.8349516	2989.1269948482513
21	0.6132723	0.4870004	1.0	0.0	0.3	0.45825756	1.0	0.0	34.389015	35.3	314999	23.012484	8.786027	36.540844	-5.7980337	23.012503	8.78428	35.997185	-4.2253547	-2.2912877	1.0534421	6.0916204	-11.7515135	-23.391909	3.1961527	3139.6246287822723
22	0.68443495	0.46474048	1.0	0.0	0.8	0.4	1.0	0.0	31.987207	24.1	329999	23.006369	8.642498	36.39146	-6.1031218	23.006508	8.640212	37.702778	-3.6145744	-2.2572587	1.0774353	7.170234	-11.46131	-23.376678	3.6305432	3289.665374517441
23	0.7058824	0.4556451	1.0	0.0	0.5	0.5	1.0	0.0	31.52311	28.0	344999	22.941874	8.482131	39.801285	-4.4611826	22.942034	8.480019	40.42732	-7.1753454	-2.2253566	1.1040503	6.8679256	-13.202256	-23.301933	3.987302	3439.352785348892
24	0.75	0.4330127	1.0	0.0	0.8	0.4	1.0	0.0	29.94	22.8	359999	22.81656	8.337585	38.775265	-5.1380076	22.816769	8.334968	37.805984	-6.512212	-2.1998305	1.1238872	7.4849534	-13.343251	-23.162693	4.3724103	3588.686346769333
25	0.78409094	0.41145152	1.0	0.0	0.9	0.29999998	1.0	0.0	28.44697	22.9	374999	22.697588	8.227868	41.34492	-4.502264	22.697802	8.225079	39.102295	-6.279063	-2.1714346	1.1477333	7.8595476	-15.590428	-23.027868	4.854024	3741.975172519684
26	0.81835204	0.3855541	1.0	0.0	0.6	0.48989797	1.0	0.0	28.095505	31.5	389999	22.556028	8.14287	38.748497	-5.6111383	22.556276	8.139736	40.413876	-7.101401	-2.13156	1.1786454	7.0249977	-13.699082	-22.87185	5.2657084	3891.8960375785828
27	0.8014706	0.39889282	1.0	0.0	1.0	0.0	1.0	1.0	27.522058	13.6	404999	22.35782	8.049295	39.955395	-7.136759	22.357946	8.04624	38.387535	-7.4266577	-2.0973723	1.2038536	8.229983	-15.328753	-22.655272	5.732625	4040.6856729984283
28	0.8161351	0.38737398	1.0	0.0	0.9	0.29999998	1.0	0.0	28.208256	21.1	419999	22.16608	7.958272	40.960037	-8.045366	22.166265	7.9550834	39.230682	-7.6778803	-2.051099	1.2339429	7.1794796	-13.409664	-22.449238	6.151772	4189.497916936874
29	0.8402062	0.36641473	1.0	0.0	0.9	0.29999998	1.0	0.0	25.762886	22.9	434999	21.964554	7.9151154	43.72632	-9.763305	21.964619	7.912358	41.847214	-8.914403	-2.0196316	1.2524205	6.8892574	-13.762202	-22.229914	6.6169033	4338.438119649887
30	0.8745704	0.33120534	1.0	0.0	1.0	0.0	1.0	1.0	25.761168	21.7	449999	21.820108	7.807168	40.43644	-9.167673	21.820152	7.8039584	39.845123	-12.361429	-1.985984	1.2726864	6.4426727	-12.407211	-22.071354	7.004473	4487.799110412598
31	0.8747826	0.33096525	1.0	0.0	0.8	0.4	1.0	0.0	26.118261	23.3	464999	21.64376	7.7492523	33.620247	-10.149642	21.643852	7.7468996	34.73003	-12.314444	-1.9555924	1.2828903	6.0810823	-13.280458	-21.87823	7.4671364	4637.076171636581
32	0.86230636	0.34457812	1.0	0.0	1.0	0.0	1.0	1.0	25.805508	16.5	479999	21.433681	7.6522846	33.46267	-9.36635	21.433752	7.649249	33.97206	-12.351044	-1.9198995	1.3057768	6.453284	-14.211418	-21.652225	7.917781	4785.932931184769
33	0.8818493	0.32278645	1.0	0.0	1.0	0.0	1.0	1.0	25.695206	15.3	494999	21.207386	7.5459013	34.763527	-10.434061	21.20755	7.5425544	33.49442	-11.61791	-1.88672	1.3241643	6.6187778	-13.512442	-21.409857	8.241748	4934.6957149505615
34	0.88907284	0.3140419	1.0	0.0	0.8	0.4	1.0	0.0	24.798014	25.8	509999	21.11434	7.511855	34.123333	-11.7043705	21.114471	7.5084424	34.048172	-12.350678	-1.8639164	1.3340495	7.22039	-12.338545	-21.305275	8.56846	5083.973656177521
35	0.8802083	0.32471776	1.0	0.0	0.7	0.45825756	1.0	0.0	26.069445	31.4	524999	20.98038	7.460501	33.324104	-9.39623	20.980494	7.456208	33.936203	-13.448811	-1.8408579	1.3506454	7.651	-13.915007	-21.159996	8.8659725	5233.634520769119
36	0.89850247	0.30198637	1.0	0.0	0.9	0.29999998	1.0	0.0	24.928453	23.5	539999	20.892359	7.4126463	34.602406	-9.940958	20.892406	7.408584	33.978394	-11.74	-1.8217049	1.3549905	7.594061	-12.439114	-21.063517	9.088072	5383.584426641464
37	0.9049128	0.2933353	1.0	0.0	1.0	0.0	1.0	1.0	23.80824	16.1	554999	20.801014	7.361166	33.373135	-11.578317	20.801071	7.356937	34.129414	-13.748164	-1.8111014	1.3681444	7.526073	-12.779051	-20.964188	9.326831	5533.454466581345
38	0.89903843	0.3012778	1.0	0.0	0.8	0.4	1.0	0.0	24.022436	22.1	569999	20.8234	7.3145437	35.338272	-13.463577	20.823221	7.3100166	34.401768	-12.209516	-1.7918863	1.384259	7.5467134	-13.924021	-20.984127	9.491277	5683.825453042984
39	0.9183673	0.27380428	1.0	0.0	0.9	0.29999998	1.0	0.0	23.554161	18.9	584999	20.777033	7.2837763	34.535145	-10.925086	20.777124	7.2796164	33.56843	-10.446671	-1.7820274	1.3840955	7.313272	-12.38638	-20.9319	9.600129	5833.709707260132
40	0.9039088	0.29471627	1.0	0.0	1.0	0.0	1.0	1.0	24.43811	14.7	599999	20.790462	7.302983	33.553642	-12.408301	20.790472	7.2990904	33.36889	-12.605735	-1.7586503	1.3979435	7.034339	-12.643834	-20.940996	9.838232	5983.586409568787
41	0.93636364	0.24410403	1.0	0.0	0.7	0.45825756	1.0	0.0	22.728788	24.5	614999	20.750854	7.247795	33.596554	-12.340488	20.75084	7.2440405	33.557095	-11.747858	-1.7540221	1.4019327	8.026003	-13.362757	-20.898594	9.7931	6133.8872447013855
42	0.9423077	0.23316069	1.0	0.0	1.0	0.0	1.0	1.0	22.180473	15.3	629999	20.685398	7.1986446	33.885117	-12.166925	20.685402	7.1952114	33.737896	-9.948067	-1.7564483	1.402251	7.5076113	-12.641932	-20.828348	10.019841	6283.957265138626
43	0.9286798	0.2573589	1.0	0.0	1.0	0.0	1.0	1.0	22.763277	19.0	644999	20.692286	7.209782	34.437973	-12.347308	20.692131	7.207051	34.31861	-11.046647	-1.7194871	1.4238611	7.9626274	-13.256098	-20.833912	10.197119	6434.111500263214
44	0.9306785	0.2540001	1.0	0.0	0.9	0.29999998	1.0	0.0	22.123894	19.2	659999	20.743273	7.2209506	35.294796	-11.794066	20.743095	7.21739	33.765476	-12.464698	-1.7089787	1.4292315	8.44591	-12.547453	-20.881014	10.376818	6584.168517827988
45	0.93274856	0.250457	1.0	0.0	1.0	0.0	1.0	1.0	21.937134	14.9	674999	20.70804	7.198755	35.087593	-12.067866	20.707973	7.1952043	33.818607	-12.437875	-1.7198037	1.4175745	8.035952	-12.620937	-20.841412	10.328085	6734.121674537659
46	0.9301242	0.25493753	1.0	0.0	1.0	0.0	1.0	1.0	23.23292	11.9	689999	20.606321	7.1774755	35.51301	-12.743218	20.606256	7.1740007	34.120342	-13.771233	-1.724588	1.4227124	8.00617	-12.719147	-20.736557	10.347331	6884.215511083603
47	0.95652175	0.20393112	1.0	0.0	0.7	0.45825756	1.0	0.0	21.756521	25.8	704999	20.593637	7.1948447	33.318916	-12.351501	20.59365	7.19127	37.13746	-13.785474	-1.7189133	1.4241172	8.330194	-12.847061	-20.721344	10.5199795	7034.441593170166
48	0.93528503	0.24602218	1.0	0.0	0.9	0.29999998	1.0	0.0	23.118645	17.2	719999	20.478874	7.1316795	34.965473	-12.228955	20.478756	7.1283035	34.03126	-15.262634	-1.7220997	1.4350672	8.319511	-16.31255	-20.598362	10.619544	7184.376349925995
49	0.91908395	0.27270612	1.0	0.0	0.8	0.4	1.0	0.0	22.900763	21.0	734999	20.464905	7.13025	34.0996	-14.638582	20.464815	7.127367	35.39785	-15.423272	-1.7159702	1.4350818	7.284624	-12.926851	-20.583647	10.597653	7334.370842218399
50	0.9359756	0.2447964	1.0	0.0	0.7	0.45825756	1.0	0.0	22.849085	22.8	749999	20.468113	7.149704	33.683838	-14.548507	20.467884	7.1470284	34.73731	-13.733025	-1.7094676	1.438315	8.736587	-12.832791	-20.58291	10.635446	7484.562303066254
51	0.93990755	0.23765804	1.0	0.0	1.0	0.0	1.0	1.0	23.161787	15.2	764999	20.482733	7.1572633	33.785435	-25.843002	20.48264	7.1547647	35.102203	-18.55444	-1.7079222	1.4349473	8.957031	-13.168805	-20.59582	10.689867	7634.36660194397
52	0.9443631	0.22921917	1.0	0.0	1.0	0.0	1.0	1.0	21.923864	15.4	779999	20.445766	7.2030945	33.19504	-19.827261	20.445597	7.2004147	37.131714	-22.70504	-1.7009164	1.4395849	10.848415	-13.828439	-20.560333	10.803398	7784.0896508693695
53	0.94333845	0.2311948	1.0	0.0	1.0	0.0	1.0	1.0	22.993874	13.4	794999	20.469337	7.2082734	36.207397	-26.228668	20.469248	7.206144	34.860123	-25.206854	-1.6809299	1.4522539	8.638807	-14.457958	-20.580492	10.856521	7933.739742040634
54	0.92921686	0.25646225	1.0	0.0	1.0	0.0	1.0	1.0	22.555723	13.7	809999	20.504292	7.227948	35.187298	-21.192406	20.504232	7.224956	34.058884	-24.312807	-1.6699672	1.4563273	7.5934296	-13.453681	-20.615555	10.957763	8083.419059753418
55	0.92705166	0.26005167	1.0	0.0	1.0	0.0	1.0	1.0	22.825228	16.3	824999	20.552366	7.2420106	33.87637	-19.39398	20.55219	7.2393804	34.653908	-27.417782	-1.6753764	1.450319	11.813057	-13.042277	-20.659155	11.013944	8232.617068052292
56	0.9223744	0.26758146	1.0	0.0	0.9	0.29999998	1.0	0.0	22.846272	18.6	839999	20.459612	7.221584	34.993744	-24.166065	20.459438	7.2191195	34.515995	-25.329325	-1.6985154	1.4451619	11.008681	-14.266288	-20.5661	10.793489	8381.921881914139
57	0.94532377	0.22734722	1.0	0.0	1.0	0.0	1.0	1.0	21.589928	15.5	854999	20.750536	7.3772345	36.05738	-24.408253	20.750423	7.374513	34.85907	-25.694773	-1.6319274	1.4603057	10.477617	-14.399139	-20.867754	11.126537	8531.114248037338
58	0.93362194	0.2489418	1.0	0.0	1.0	0.0	1.0	1.0	21.617605	12.8	869999	20.884771	7.447969	36.49432	-22.603012	20.88461	7.4453077	35.366043	-23.93754	-1.6068143	1.4698713	10.813886	-15.171028	-20.998526	11.435948	8680.407469272614
59	0.9381443	0.24089323	1.0	0.0	0.9	0.29999998	1.0	0.0	22.10604	17.2	884999	20.717287	7.3716993	35.34066	-27.0727	20.717262	7.3681493	36.43466	-24.927467	-1.6534799	1.464395	12.68562	-13.525137	-20.827627	11.109569	8829.876975536346
60	0.9171779	0.2756131	1.0	0.0	1.0	0.0	1.0	1.0	23.006134	14.1	899999	20.532854	7.2601137	35.055943	-23.054934	20.53275	7.2572827	36.752323	-28.609554	-1.6920849	1.4570459	11.655871	-12.48871	-20.639887	10.834343	8979.021123170853
61	0.94631904	0.22538707	1.0	0.0	1.0	0.0	1.0	1.0	23.018404	13.8	914999	20.469969	7.27701	34.566128	-24.53608	20.469841	7.2752495	35.751076	-26.115877	-1.7039374	1.4506884	9.871952	-13.262751	-20.577204	10.903046	9128.188351869583
62	0.94071764	0.23615244	1.0	0.0	0.9	0.29999998	1.0	0.0	23.390015	22.3	929999	20.456219	7.2962937	34.602177	-28.736689	20.456146	7.2944636	35.19129	-29.550846	-1.7227316	1.438156	11.729545	-14.395267	-20.564983	10.848464	9277.706443548203
63	0.9347496	0.24696714	1.0	0.0	0.9	0.29999998	1.0	0.0	22.769348	17.9	944999	20.338303	7.2363815	34.489777	-23.758535	20.33827	7.2339463	34.26508	-17.758091	-1.7381608	1.435658	10.805957	-12.8455105	-20.443462	10.791241	9426.951433181763
64	0.91679746	0.2761881	1.0	0.0	0.9	0.29999998	1.0	0.0	23.503925	15.6	959999	20.28183	7.2312365	37.436325	-21.477236	20.281607	7.229669	34.377865	-19.459082	-1.7262099	1.442587	9.333099	-14.02034	-20.388525	10.632311	9576.003526687622
65	0.90015846	0.2997886	1.0	0.0	0.9	0.29999998	1.0	0.0	23.7813	17.3	974999	20.302805	7.2760563	36.024128	-23.068096	20.302784	7.274244	34.083244	-24.965528	-1.7369636	1.433524	10.010841	-15.159427	-20.411608	10.7036915	9725.08205986023
66	0.90979785	0.2864712	1.0	0.0	1.0	0.0	1.0	1.0	23.36703	16.4	989999	20.346363	7.291405	35.995552	-21.46938	20.346144	7.28952	36.520794	-16.593204	-1.7494252	1.42353	7.8213005	-14.059139	-20.456097	10.676553	9874.348212003708
67	0.91577333	0.27772743	1.0	0.0	0.9	0.29999998	1.0	0.0	22.93415	17.5	1004999	20.31797	7.312846	33.80362	-19.43318	20.317776	7.311131	36.19976	-19.842594	-1.7433342	1.4348162	9.829302	-14.675971	-20.429514	10.608119	10024.505368232727
68	0.8971061	0.30382025	1.0	0.0	0.8	0.4	1.0	0.0	24.123795	21.5	1019999	20.334337	7.341296	34.63916	-16.255898	20.334312	7.3387	34.400784	-20.702053	-1.7495837	1.43263	8.531948	-14.075102	-20.447443	10.649388	10174.827484607697
69	0.9110429	0.28468174	1.0	0.0	1.0	0.0	1.0	1.0	23.039877	12.6	1034999	20.326769	7.3549356	34.597683	-16.659325	20.326527	7.3536134	33.77502	-19.438326	-1.7512238	1.4323921	8.415074	-14.018264	-20.442024	10.630033	10325.107280731201
70	0.9275809	0.2591806	1.0	0.0	0.9	0.29999998	1.0	0.0	23.070879	15.9	1049999	20.342222	7.375921	36.219498	-12.747061	20.342165	7.374684	36.751278	-28.3373	-1.7401662	1.4379166	10.4362545	-13.583447	-20.458897	10.562979	10475.105341911316
71	0.92053974	0.27045578	1.0	0.0	1.0	0.0	1.0	1.0	22.503748	25.4	1064999	20.384214	7.404749	36.014717	-15.499298	20.384108	7.4034786	33.788708	-24.273678	-1.7508386	1.4304233	9.20634	-13.561804	-20.501379	10.642745	10624.645510196686
72	0.9240122	0.26497865	1.0	0.0	1.0	0.0	1.0	1.0	22.82067	13.5	1079999	20.364191	7.4330325	35.734077	-12.541114	20.364248	7.4312506	33.590157	-15.339539	-1.7463088	1.4314692	7.8913813	-15.968798	-20.482649	10.643525	10773.868250370026
73	0.90697676	0.29046503	1.0	0.0	0.8	0.4	1.0	0.0	23.232557	20.6	1094999	20.357256	7.471685	35.81912	-23.697273	20.357367	7.4700847	34.30587	-23.125965	-1.746353	1.4293506	9.86179	-14.2634535	-20.47925	10.478623	10923.130515575409
74	0.91463417	0.27942535	1.0	0.0	0.9	0.29999998	1.0	0.0	22.853659	15.3	1109999	20.452229	7.504254	37.172882	-20.43057	20.452402	7.5022783	36.865387	-27.799004	-1.7465829	1.4315994	8.084553	-13.205814	-20.573929	10.6131	11072.59978723526
75	0.9186747	0.27333403	1.0	0.0	0.9	0.29999998	1.0	0.0	22.555723	18.0	1124999	20.444887	7.4891315	36.20504	-19.058804	20.444906	7.4871297	35.034172	-25.516005	-1.7399155	1.4378747	9.664107	-14.139141	-20.57178	10.444637	11221.797063827515
76	0.9056	0.29238442	1.0	0.0	0.8	0.4	1.0	0.0	24.0512	19.5	1139999	20.54714	7.5101304	36.30914	-15.659845	20.547148	7.508737	33.760956	-25.920761	-1.7306567	1.4367898	7.993434	-13.264043	-20.678116	10.401416	11371.191307544708
77	0.9235474	0.2657209	1.0	0.0	1.0	0.0	1.0	1.0	22.949541	14.7	1154999	20.564203	7.6082597	35.850285	-16.09955	20.564312	7.6068087	34.97203	-21.36373	-1.7419462	1.4312962	9.992165	-14.145205	-20.695402	10.606595	11520.508889436722
78	0.91419655	0.28007358	1.0	0.0	0.8	0.4	1.0	0.0	23.383776	21.4	1169999	20.638344	7.6211886	38.374115	-16.54991	20.63839	7.620024	34.33437	-20.539276	-1.7345877	1.4356023	8.00187	-14.777779	-20.771194	10.584592	11670.428154706955
79	0.91402715	0.28032395	1.0	0.0	1.0	0.0	1.0	1.0	22.64555	22.2	1184999	20.710426	7.6480827	37.933735	-17.799719	20.710567	7.646389	36.888454	-22.721941	-1.7292316	1.443552	9.522423	-11.906046	-20.847597	10.671286	11820.76483631134
80	0.9133858	0.28126884	1.0	0.0	1.0	0.0	1.0	1.0	23.625196	13.3	1199999	20.822031	7.680396	40.510014	-17.124624	20.82206	7.678792	35.248295	-21.637934	-1.7117485	1.4468725	12.34021	-13.998823	-20.962667	10.758655	11970.89049744606
81	0.91459626	0.27948153	1.0	0.0	1.0	0.0	1.0	1.0	23.282608	16.7	1214999	20.778559	7.6775856	36.801723	-59.998608	20.778563	7.677038	35.625763	-32.723785	-1.7168845	1.4465594	14.9695015	-14.307013	-20.915583	10.842598	12120.833894491196
82	0.90923566	0.28727365	1.0	0.0	1.0	0.0	1.0	1.0	23.890127	15.0	1229999	20.757391	7.7212834	34.914333	-59.271694	20.757313	7.721236	34.3813	-37.815372	-1.6992679	1.4541658	11.033614	-13.597681	-20.8955	10.823691	12270.25322508812
83	0.9243827	0.2643848	1.0	0.0	1.0	0.0	1.0	1.0	23.131172	16.2	1244999	20.871065	7.7266226	36.888172	-58.352665	20.870953	7.7263017	36.08293	-31.35872	-1.6968454	1.4509103	15.758926	-15.388024	-21.015688	10.965425	12419.306971788406
84	0.9209302	0.26984763	1.0	0.0	0.9	0.29999998	1.0	0.0	23.266666	15.1	1259999	21.090357	7.889639	36.56094	-58.910805	21.090368	7.888873	37.53932	-36.96484	-1.6379228	1.4762063	14.697465	-12.597186	-21.241165	11.253669	12568.352422237396
85	0.91871166	0.2732774	1.0	0.0	1.0	0.0	1.0	1.0	22.9954	13.4	1274999	21.109373	7.8951473	35.7128	-54.36968	21.109236	7.8955708	36.465424	-40.559753	-1.6478101	1.4734187	13.220675	-12.542978	-21.253325	11.300122	12717.426732301712
86	0.91344666	0.2811794	1.0	0.0	1.0	0.0	1.0	1.0	23.173107	14.4	1289999	21.111258	7.930826	35.776447	-56.50242	21.111185	7.931535	36.570847	-36.51495	-1.6535397	1.4687573	14.023585	-12.080709	-21.25723	11.412229	12866.483079910278
87	0.9165379	0.27657947	1.0	0.0	0.9	0.29999998	1.0	0.0	23.16847	19.6	1304999	21.006166	7.849278	38.264366	-53.30047	21.006126	7.849683	39.923786	-40.399437	-1.6779747	1.4590276	15.517077	-15.527542	-21.149158	11.198431	13015.63961482048
88	0.9053628	0.2927132	1.0	0.0	1.0	0.0	1.0	1.0	23.694006	14.8	1319999	21.040726	7.9400406	36.262768	-54.61687	21.040785	7.939697	38.99705	-31.468575	-1.6538402	1.4689058	16.451488	-13.808545	-21.189274	11.435894	13164.56082034111
89	0.9181548	0.27412882	1.0	0.0	1.0	0.0	1.0	1.0	22.321428	17.8	1334999	21.465761	8.062587	37.686443	-44.058037	21.465887	8.061422	38.59303	-31.084663	-1.5860463	1.5018371	9.687914	-12.896321	-21.620245	11.810066	13313.548389434814
90	0.91920733	0.2725165	1.0	0.0	0.7	0.45825756	1.0	0.0	22.853659	25.8	1349999	21.432663	8.046103	38.78052	-41.112816	21.432718	8.045069	41.522106	-28.112955	-1.5999303	1.4905447	21.845726	-13.357338	-21.581833	11.813146	13462.772185325623
91	0.928036	0.2584283	1.0	0.0	0.9	0.29999998	1.0	0.0	22.48126	18.5	1364999	22.139158	8.476318	41.25635	-34.99272	22.13901	8.475833	43.273594	-33.201797	-1.4636464	1.5308583	16.054937	-13.195041	-22.309612	12.825084	13612.033019065857
92	0.9334319	0.24927244	1.0	0.0	1.0	0.0	1.0	1.0	22.205622	14.7	1379999	22.494213	8.628628	43.379574	-46.92151	22.494112	8.627979	44.795837	-30.5408	-1.4130532	1.5481639	18.988544	-14.756515	-22.662224	13.26266	13761.10561132431
93	0.9304734	0.25434753	1.0	0.0	1.0	0.0	1.0	1.0	22.190828	13.3	1394999	21.777658	8.28803	41.50081	-45.601112	21.777678	8.286685	45.705875	-26.989655	-1.5266819	1.5140113	19.953213	-13.493719	-21.922258	12.5627165	13910.29445195198
94	0.9480519	0.22192219	1.0	0.0	0.7	0.45825756	1.0	0.0	21.623377	29.5	1409999	21.962154	8.421527	40.684708	-55.09041	21.96231	8.420571	42.65864	-29.120356	-1.4667406	1.5364559	17.541555	-15.553172	-22.114504	12.825408	14059.980929136276
95	0.91577333	0.27772743	1.0	0.0	1.0	0.0	1.0	1.0	23.006126	15.2	1424999	21.24937	8.06752	38.538986	-50.487354	21.249369	8.067299	40.901264	-33.485172	-1.5872854	1.4947436	17.743221	-13.381022	-21.381916	12.044956	14209.865124702454
96	0.93440235	0.24757749	1.0	0.0	0.9	0.29999998	1.0	0.0	21.848396	21.9	1439999	22.476707	8.764488	42.27013	-44.023876	22.476532	8.763811	44.349194	-31.060629	-1.3355129	1.573923	18.17246	-12.416136	-22.647245	13.678831	14359.683097362518
97	0.94629896	0.22542673	1.0	0.0	1.0	0.0	1.0	1.0	21.782293	16.5	1454999	21.768555	8.330957	41.61413	-46.189537	21.768665	8.330061	41.832764	-30.83839	-1.4878852	1.530528	16.83847	-13.53178	-21.906546	12.888071	14509.69155907631
98	0.9558011	0.20553675	1.0	0.0	1.0	0.0	1.0	1.0	20.708563	16.2	1469999	22.899857	8.985896	44.935577	-45.60087	22.89975	8.984345	46.706818	-33.404537	-1.2534505	1.5965613	17.45647	-12.705047	-23.073359	14.538869	14659.81225013733
99	0.93586004	0.24500206	1.0	0.0	1.0	0.0	1.0	1.0	21.82653	15.0	1484999	22.57034	8.721122	41.823875	-39.85634	22.570164	8.720443	43.475178	-24.547384	-1.3755447	1.5605543	17.391178	-12.793553	-22.705162	14.17772	14810.016723155975
100	0.9238806	0.26518905	1.0	0.0	0.9	0.29999998	1.0	0.0	22.40597	18.0	1499999	21.343431	8.146879	38.17634	-44.787075	21.34348	8.147277	39.940014	-31.875982	-1.5253824	1.5248104	14.7047825	-11.9331045	-21.464008	12.618454	14960.089267492294
101	0.92979944	0.25548473	1.0	0.0	0.8	0.4	1.0	0.0	21.495703	20.2	1514999	21.772482	8.359878	39.266983	-46.122295	21.772408	8.359394	40.803066	-34.287457	-1.4326068	1.5550573	12.655493	-12.512305	-21.914082	13.171196	15110.2913544178
102	0.94065285	0.23627335	1.0	0.0	0.8	0.4	1.0	0.0	22.278933	17.7	1529999	21.826767	8.319143	39.429245	-26.166594	21.826662	8.319189	40.180923	-21.61896	-1.4632534	1.5497905	10.962196	-13.1447115	-21.951866	13.378721	15260.664429664612
103	0.9245562	0.26410607	1.0	0.0	1.0	0.0	1.0	1.0	22.18787	13.4	1544999	20.939856	7.935653	40.139984	-24.984476	20.939743	7.9358377	36.7731	-24.638882	-1.569555	1.5137051	11.943609	-12.238415	-21.057758	12.330814	15410.381217479706
104	0.9199396	0.2713867	1.0	0.0	0.8	0.4	1.0	0.0	22.670694	19.5	1559999	20.69146	7.8067055	38.45896	-22.526978	20.691355	7.806853	36.42263	-21.250164	-1.6302227	1.494721	11.883873	-12.736873	-20.809834	11.96276	15560.322419404984
105	0.9190031	0.27283034	1.0	0.0	0.8	0.4	1.0	0.0	23.341122	21.3	1574999	20.732565	7.847856	37.797134	-30.866352	20.732523	7.846984	37.523582	-34.3343	-1.6273737	1.491541	10.644459	-13.29521	-20.862223	11.977517	15710.309523820877
106	0.9296188	0.2557884	1.0	0.0	1.0	0.0	1.0	1.0	21.967741	12.0	1589999	21.95941	8.436871	39.489994	-30.543661	21.959272	8.436976	39.508167	-35.224323	-1.4070538	1.5774599	14.6969795	-13.6546955	-22.109299	13.452904	15860.401569128036
107	0.92738277	0.2595072	1.0	0.0	0.9	0.29999998	1.0	0.0	22.744328	22.0	1604999	21.173235	8.0472355	37.185444	-30.196028	21.173414	8.045548	37.36222	-36.348244	-1.5399599	1.5348216	15.6168785	-14.448043	-21.305027	12.401804	16010.550481796265
108	0.9294294	0.25610617	1.0	0.0	1.0	0.0	1.0	1.0	22.509008	16.2	1619999	21.222158	8.090189	37.15975	-34.5936	21.222078	8.089042	36.946953	-36.06044	-1.5475029	1.537483	14.40898	-13.840789	-21.35462	12.440799	16160.538290023804
109	0.9226006	0.2672241	1.0	0.0	1.0	0.0	1.0	1.0	23.224459	13.2	1634999	21.102287	8.028731	36.7868	-29.752096	21.102419	8.027427	40.921898	-35.956387	-1.556015	1.5325089	13.082532	-12.714966	-21.242895	12.24204	16310.43886756897
110	0.93877554	0.23974162	1.0	0.0	1.0	0.0	1.0	1.0	21.865889	13.7	1649999	21.653025	8.251717	39.683956	-39.40935	21.652945	8.250993	37.352184	-36.522167	-1.4647845	1.5679377	15.02584	-13.965015	-21.801846	12.761796	16460.34091258049
111	0.9492455	0.21949586	1.0	0.0	1.0	0.0	1.0	1.0	20.576132	11.7	1664999	21.769196	8.351337	40.16701	-40.257126	21.769144	8.351001	38.582767	-35.253696	-1.428027	1.5769871	15.782143	-13.549437	-21.91879	13.113052	16610.111367464066
112	0.93853074	0.24018908	1.0	0.0	1.0	0.0	1.0	1.0	22.442278	10.9	1679999	21.476244	8.248321	39.691486	-45.57483	21.475996	8.247927	38.53231	-34.78091	-1.479617	1.5673069	14.9858055	-13.508882	-21.60904	12.697119	16761.726417541504
113	0.9251497	0.26314965	1.0	0.0	1.0	0.0	1.0	1.0	22.483534	10.6	1694999	21.183477	8.156404	37.751286	-45.751526	21.183449	8.156283	37.08852	-45.512856	-1.5225017	1.5543451	16.581846	-13.17832	-21.311516	12.265217	16910.54260969162
114	0.9268657	0.26035687	1.0	0.0	1.0	0.0	1.0	1.0	22.391045	17.2	1709999	20.896286	8.042796	36.674362	-49.67712	20.89611	8.042755	35.998672	-40.30251	-1.5694369	1.5392445	13.770876	-14.8029785	-21.020973	11.788813	17059.839237689972
115	0.9183359	0.2738523	1.0	0.0	0.9	0.29999998	1.0	0.0	23.101694	21.0	1724999	20.933435	8.092545	37.27173	-48.460056	20.933613	8.092164	37.524826	-40.89422	-1.5458395	1.5398293	13.450632	-13.893635	-21.063232	11.767962	17209.03023171425
116	0.94412607	0.2296781	1.0	0.0	1.0	0.0	1.0	1.0	21.487106	17.1	1739999	21.277142	8.239449	36.685715	-46.990906	21.27705	8.2387705	39.246944	-42.38401	-1.5282164	1.5443658	14.417182	-12.763489	-21.40689	12.092296	17358.24404859543
117	0.9293233	0.256284	1.0	0.0	1.0	0.0	1.0	1.0	22.56391	15.3	1754999	21.049856	8.1572485	37.911415	-48.6852	21.050001	8.156595	37.00903	-39.807423	-1.5630131	1.5343195	16.701128	-12.636108	-21.178879	11.806702	17507.373047590256
118	0.9289026	0.25698742	1.0	0.0	1.0	0.0	1.0	1.0	23.211746	13.1	1769999	21.007164	8.13497	37.811295	-48.761436	21.007227	8.133883	38.307007	-43.0839	-1.5806878	1.5239267	12.084822	-12.828701	-21.130512	11.710704	17656.530165433884
119	0.9382353	0.24072771	1.0	0.0	0.9	0.29999998	1.0	0.0	22.029411	16.5	1784999	20.94535	8.100254	37.133343	-38.045277	20.945267	8.099825	37.10595	-42.420673	-1.5833886	1.5311154	12.808477	-12.817625	-21.070503	11.7204485	17805.68105006218
120	0.9379616	0.24122532	1.0	0.0	0.9	0.29999998	1.0	0.0	22.135893	16.7	1799999	20.907658	8.080542	37.70096	-43.550957	20.907696	8.079537	37.3502	-41.873928	-1.5871025	1.5365518	11.254726	-13.533506	-21.027863	11.786934	17954.877257347107
121	0.9125767	0.2824544	1.0	0.0	0.9	0.29999998	1.0	0.0	23.050613	19.2	1814999	20.87125	8.080278	35.597313	-42.0136	20.87141	8.078984	35.825813	-45.43116	-1.5961256	1.5279332	15.562487	-13.571173	-20.995281	11.669551	18104.15231013298
122	0.91564417	0.27792072	1.0	0.0	0.8	0.4	1.0	0.0	23.0	22.6	1829999	20.916798	8.127325	41.461685	-56.44834	20.91679	8.126756	35.51972	-55.881115	-1.5960743	1.5292373	11.2299385	-13.922924	-21.041063	11.809525	18253.777831077576
123	0.9127726	0.28216803	1.0	0.0	0.6	0.48989794	1.0	0.0	23.352024	28.1	1844999	20.760336	8.07376	38.181473	-53.776867	20.760439	8.072403	37.073994	-54.630535	-1.6314958	1.5145673	13.662108	-15.521805	-20.881845	11.621428	18404.065326213837
124	0.89983845	0.3002153	1.0	0.0	0.7	0.45825756	1.0	0.0	24.264944	25.0	1859999	20.496696	7.97341	35.976192	-57.54663	20.496887	7.9715323	36.38383	-55.3766	-1.6990918	1.4895197	11.494865	-13.416856	-20.615665	11.217127	18554.00932407379
125	0.8980213	0.30262026	1.0	0.0	0.9	0.29999998	1.0	0.0	22.802132	18.3	1874999	20.486387	7.969023	36.87758	-120.451836	20.486557	7.9667516	36.55945	-113.80542	-1.7135102	1.4816202	12.546181	-12.855223	-20.608746	10.990457	18703.93444633484
126	0.91782945	0.27462438	1.0	0.0	0.8	0.4	1.0	0.0	23.28372	22.3	1889999	20.560774	8.039315	36.540535	-58.12056	20.56103	8.037867	37.33838	-71.902435	-1.6927925	1.4851488	12.596762	-13.574038	-20.694712	11.045555	18853.907793283463
127	0.9423077	0.23316067	1.0	0.0	0.7	0.45825756	1.0	0.0	22.177515	25.2	1904999	21.432133	8.451365	38.25007	-56.01437	21.432207	8.449799	39.662678	-56.61224	-1.520775	1.5346627	11.413996	-14.043201	-21.595028	12.04646	19004.075901031494
128	0.93154764	0.25252056	1.0	0.0	0.8	0.4	1.0	0.0	22.287203	21.4	1919999	21.785486	8.549168	42.276203	-60.47746	21.7856	8.547622	38.969532	-52.793438	-1.4890331	1.5494128	15.673997	-12.542528	-21.93963	12.412887	19154.166708230972
129	0.93044823	0.25439012	1.0	0.0	0.9	0.29999998	1.0	0.0	23.15765	17.7	1934999	21.257313	8.326335	40.305054	-56.891228	21.257402	8.32456	37.586884	-59.3863	-1.5726024	1.5228908	11.189466	-13.6323395	-21.399197	11.92273	19304.24697613716
130	0.9203007	0.270827	1.0	0.0	0.9	0.29999998	1.0	0.0	22.630075	23.6	1949999	20.988499	8.167194	36.80172	-55.37458	20.98842	8.16605	37.572693	-57.396908	-1.6129825	1.5213647	11.545399	-12.435183	-21.127808	11.495565	19454.462891578674
131	0.90923077	0.28728065	1.0	0.0	1.0	0.0	1.0	1.0	23.04923	20.3	1964999	20.990248	8.229074	36.431725	-59.418888	20.990181	8.227255	40.087845	-55.027344	-1.5877336	1.5316808	10.706926	-12.683588	-21.14035	11.544096	19604.341426849365
132	0.9360119	0.24473172	1.0	0.0	1.0	0.0	1.0	1.0	22.324406	14.8	1979999	21.940964	8.728415	39.803787	-61.973537	21.94095	8.725783	39.792923	-58.139683	-1.411809	1.5830503	13.675618	-12.404654	-22.11753	12.590596	19754.05959367752
133	0.95780593	0.20103171	1.0	0.0	1.0	0.0	1.0	1.0	21.113924	13.1	1994999	22.420998	8.960394	40.384876	-55.74942	22.420862	8.95809	39.367527	-66.01503	-1.3791579	1.5831441	26.833776	-12.845939	-22.587704	13.311505	19903.9208381176
134	0.93113774	0.25321978	1.0	0.0	0.9	0.29999998	1.0	0.0	22.402695	20.2	2009999	21.72196	8.658536	38.511143	-59.62837	21.722143	8.65627	39.00701	-59.248398	-1.4919578	1.5563557	14.013612	-14.567742	-21.869335	12.61243	20053.799315929413
135	0.93659943	0.24368204	1.0	0.0	0.9	0.29999998	1.0	0.0	21.649857	18.5	2024999	21.707582	8.740605	42.02517	-57.863617	21.70757	8.739407	42.410835	-56.249016	-1.4276774	1.5808972	13.652817	-14.614289	-21.882284	12.526687	20203.01985859871
136	0.9488636	0.2202758	1.0	0.0	0.8	0.4	1.0	0.0	21.303978	21.5	2039999	22.919369	9.236366	42.381973	-72.77531	22.91908	9.235995	42.53507	-57.314552	-1.2930828	1.6132305	19.588184	-13.316946	-23.085638	14.088528	20352.115438699722
137	0.9237537	0.26539183	1.0	0.0	0.9	0.29999998	1.0	0.0	22.002934	24.9	2054999	21.378798	8.526619	37.19452	-55.991074	21.3785	8.526265	37.976994	-58.648865	-1.4800333	1.5628709	15.879467	-12.192656	-21.5176	12.33951	20501.29851794243
138	0.9491059	0.21978141	1.0	0.0	1.0	0.0	1.0	1.0	20.639614	9.7	2069999	22.252075	8.974282	39.159225	-50.867977	22.25175	8.973558	39.07103	-52.652004	-1.3400748	1.6022564	19.124035	-12.115067	-22.413616	13.455109	20650.500494241714
139	0.9283668	0.25787964	1.0	0.0	0.8	0.4	1.0	0.0	21.459885	18.5	2084999	21.358688	8.5284195	42.037884	-63.531345	21.358473	8.527586	37.125263	-60.399517	-1.4935896	1.5655832	21.263594	-12.11989	-21.489761	12.533099	20799.7857773304
140	0.96175635	0.19178386	1.0	0.0	1.0	0.0	1.0	1.0	21.27762	11.7	2099999	21.82953	8.82922	53.09606	-53.0473	21.829193	8.828226	38.26086	-52.53703	-1.3926626	1.5909127	18.519793	-12.645899	-21.971191	13.255399	20948.864233016968
141	0.92626727	0.26133546	1.0	0.0	1.0	0.0	1.0	1.0	22.972351	12.9	2114999	21.207176	8.512172	50.85329	-62.308697	21.20695	8.511619	36.788776	-66.04186	-1.5067925	1.5589188	15.645022	-13.646074	-21.331896	12.462181	21098.10954976082
142	0.903937	0.29467762	1.0	0.0	0.9	0.29999998	1.0	0.0	23.68189	20.8	2129999	21.07404	8.473026	36.55171	-64.29542	21.07415	8.471417	37.13846	-66.96018	-1.5207479	1.5495088	11.440798	-12.557872	-21.20372	12.230953	21247.49552178383
143	0.92653674	0.26089543	1.0	0.0	1.0	0.0	1.0	1.0	22.494753	17.3	2144999	21.210636	8.541005	37.919205	-72.87117	21.210634	8.539116	36.34285	-69.06321	-1.4972795	1.55576	15.442908	-11.968564	-21.341991	12.363413	21396.739125967026
144	0.9338235	0.2485903	1.0	0.0	1.0	0.0	1.0	1.0	22.05147	12.1	2159999	20.79645	8.33774	42.852898	-73.05959	20.7963	8.336487	37.466995	-72.9634	-1.5705494	1.531442	16.50359	-15.152564	-20.9258	11.767729	21545.534756183624
145	0.92319053	0.26628885	1.0	0.0	0.9	0.29999998	1.0	0.0	22.16839	20.9	2174999	21.16919	8.57583	46.066402	-66.02801	21.16894	8.574335	37.159847	-69.74011	-1.4790397	1.5589503	27.817677	-13.492502	-21.309984	12.381868	21694.677141427994
146	0.9296407	0.25575152	1.0	0.0	1.0	0.0	1.0	1.0	22.411676	18.4	2189999	20.919725	8.369349	43.31047	-77.22258	20.919552	8.367221	36.412483	-73.74994	-1.5583776	1.5365387	19.513071	-14.025369	-21.03554	11.966695	21843.931933879852
147	0.89644015	0.30468875	1.0	0.0	1.0	0.0	1.0	1.0	24.289644	16.3	2204999	20.468063	8.143867	34.998764	-65.7368	20.467987	8.141116	35.652256	-71.66174	-1.632561	1.5100993	13.004469	-15.171695	-20.588991	11.36446	21992.994384765625
148	0.94822484	0.22157273	1.0	0.0	1.0	0.0	1.0	1.0	22.220415	15.0	2219999	20.8887	8.39799	37.355915	-65.55078	20.888565	8.3958025	37.58573	-79.36724	-1.5500187	1.5248998	14.796356	-13.651713	-21.028986	11.756654	22141.988245248795
149	0.9231928	0.26628533	1.0	0.0	0.9	0.29999998	1.0	0.0	22.548193	21.5	2234999	20.896671	8.333883	37.771183	-75.411964	20.896486	8.332237	36.70907	-80.67453	-1.5798566	1.5235553	18.853725	-14.886588	-21.01898	11.679937	22291.306737422943
150	0.9165379	0.27657947	1.0	0.0	0.9	0.29999998	1.0	0.0	23.216383	18.0	2249999	20.596079	8.213308	35.538998	-75.74168	20.5959	8.210584	36.856728	-88.82672	-1.6258154	1.5006567	13.712671	-12.261854	-20.727375	11.352303	22440.70047354698
151	0.9264264	0.26107565	1.0	0.0	1.0	0.0	1.0	1.0	22.52102	14.5	2264999	20.806738	8.31288	35.97655	-74.8308	20.806503	8.3109	37.15746	-90.70664	-1.5793976	1.5222235	37.62093	-12.677852	-20.945269	11.416008	22589.968525886536
152	0.92036754	0.27072334	1.0	0.0	0.9	0.29999998	1.0	0.0	22.980091	27.4	2279999	20.692799	8.241643	41.580627	-74.17651	20.69255	8.239423	35.0447	-87.37647	-1.622677	1.5050756	12.946815	-12.878545	-20.829155	11.208995	22739.666000127792
153	0.9103555	0.2856718	1.0	0.0	0.8	0.4	1.0	0.0	23.163834	28.3	2294999	20.925488	8.310675	36.522938	-73.64511	20.92525	8.309831	36.499054	-88.29917	-1.5869883	1.5237693	13.250806	-13.356448	-21.066751	11.346983	22889.149190187454
154	0.8852201	0.3187561	1.0	0.0	0.9	0.29999998	1.0	0.0	23.60063	18.9	2309999	20.659792	8.187628	35.3087	-75.07305	20.659565	8.186361	36.17752	-95.26722	-1.6428647	1.504403	11.602493	-12.564924	-20.79896	10.979589	23038.684855937958
155	0.91875	0.27321866	1.0	0.0	0.7	0.45825756	1.0	0.0	23.379688	25.8	2324999	20.876495	8.313323	37.30814	-76.4858	20.876333	8.3128605	35.7945	-91.20571	-1.613211	1.5140518	11.839411	-13.365803	-21.022984	11.129516	23189.38702082634
156	0.90332323	0.2955171	1.0	0.0	0.7	0.45825756	1.0	0.0	22.657099	24.4	2339999	21.086382	8.403577	36.21973	-83.10245	21.086279	8.401773	35.591614	-90.047516	-1.5771037	1.527863	10.334055	-12.453539	-21.231594	11.306457	23339.352276325226
157	0.9309816	0.25348544	1.0	0.0	0.9	0.29999998	1.0	0.0	23.039877	21.7	2354999	21.238012	8.520921	36.648857	-81.35635	21.238028	8.518586	38.461163	-89.15177	-1.552215	1.5328962	11.375732	-13.059889	-21.389942	11.395046	23488.711758375168
158	0.92519087	0.26308316	1.0	0.0	0.9	0.29999998	1.0	0.0	22.90687	17.2	2369999	21.250715	8.507435	36.978817	-75.73217	21.250834	8.50621	36.042202	-84.54799	-1.5518886	1.5463697	12.020773	-12.658036	-21.398275	11.403407	23638.639887809753
159	0.8902256	0.31260842	1.0	0.0	0.7	0.45825756	1.0	0.0	22.580452	27.1	2384999	21.295341	8.520954	37.32831	-81.643974	21.295366	8.519289	41.24555	-84.2976	-1.5480206	1.5537846	14.0805645	-12.285494	-21.444258	11.354843	23789.019902467728
160	0.87317073	0.33278164	1.0	0.0	0.9	0.29999998	1.0	0.0	24.385366	19.3	2399999	20.694626	8.263896	37.518295	-76.78528	20.694897	8.261918	36.552517	-80.14532	-1.6686566	1.5092765	14.76039	-13.685789	-20.82841	10.695466	23939.32033276558
161	0.8811075	0.32366198	1.0	0.0	0.7	0.45825756	1.0	0.0	24.428339	26.0	2414999	20.647213	8.261967	35.17641	-72.87742	20.64735	8.260343	37.64914	-67.64336	-1.6839	1.4983376	12.871657	-12.536606	-20.782925	10.527437	24089.543317079544
162	0.9114907	0.2840342	1.0	0.0	0.8	0.4	1.0	0.0	23.281055	18.1	2429999	20.725126	8.263915	35.318356	-65.435	20.725157	8.2625885	38.56996	-60.995483	-1.6872792	1.4966476	19.593035	-12.540263	-20.86443	10.515151	24239.537034511566
163	0.8739903	0.33186027	1.0	0.0	0.8	0.4	1.0	0.0	24.240711	26.7	2444999	20.703428	8.20885	34.892117	-63.690674	20.703829	8.206305	37.176064	-57.985897	-1.7285751	1.4752979	11.440664	-13.629166	-20.845547	10.256382	24388.95839381218
164	0.86401325	0.34277448	1.0	0.0	0.9	0.29999998	1.0	0.0	24.877281	19.3	2459999	20.636396	8.210512	34.940525	-67.9029	20.63651	8.208313	37.355824	-52.50288	-1.7500147	1.4653789	9.62368	-12.892962	-20.780499	10.122943	24538.139581680298
165	0.8656958	0.34097886	1.0	0.0	1.0	0.0	1.0	1.0	24.252428	20.4	2474999	20.756643	8.259229	37.318165	-56.468643	20.756927	8.257512	35.915092	-51.729004	-1.739692	1.470522	11.108472	-12.54448	-20.911459	10.090635	24687.350214004517
166	0.8603896	0.34658235	1.0	0.0	0.8	0.4	1.0	0.0	24.368507	21.4	2489999	20.930887	8.391333	37.916496	-63.09987	20.931116	8.388799	35.80814	-52.71573	-1.7279034	1.4680452	11.924096	-12.825033	-21.09424	10.216356	24836.760536670685
167	0.88554215	0.31836653	1.0	0.0	0.8	0.4	1.0	0.0	22.591867	18.3	2504999	21.724524	8.884807	39.970062	-65.3435	21.724777	8.882345	39.600067	-53.783417	-1.5733495	1.523582	17.650757	-13.555339	-21.920538	10.886445	24986.734489917755
168	0.8851675	0.31881973	1.0	0.0	0.7	0.45825756	1.0	0.0	23.926634	25.8	2519999	21.497229	8.701616	38.423595	-66.10205	21.497396	8.699082	39.08757	-60.895443	-1.693776	1.48466	10.744225	-15.423792	-21.652653	10.65529	25137.021919488907
169	0.88146913	0.32323572	1.0	0.0	0.7	0.45825756	1.0	0.0	25.035059	28.3	2534999	20.767282	8.295288	34.04989	-70.75026	20.767494	8.294224	35.24082	-64.772865	-1.770927	1.4550833	9.718864	-13.041106	-20.92266	9.849564	25287.15118408203
170	0.88907015	0.31404525	1.0	0.0	1.0	0.0	1.0	1.0	24.427406	18.9	2549999	20.891582	8.357189	34.480034	-74.28282	20.89177	8.355174	35.537674	-67.81985	-1.7608054	1.4488431	9.826765	-13.767343	-21.05394	9.896402	25437.308930397034
171	0.8924559	0.3098038	1.0	0.0	0.8	0.4	1.0	0.0	24.120386	21.1	2564999	20.99982	8.445228	34.853508	-66.63392	20.999979	8.4430065	36.003956	-61.580414	-1.7376072	1.4588482	10.805201	-12.827272	-21.163254	10.0146475	25586.487679243088
172	0.88338655	0.32095906	1.0	0.0	0.9	0.29999998	1.0	0.0	23.942492	21.2	2579999	20.925217	8.4919195	34.69998	-69.3772	20.925562	8.489275	34.48002	-69.75841	-1.7529824	1.4514053	8.878272	-12.622698	-21.092731	9.890177	25735.79107260704
173	0.88661414	0.31706384	1.0	0.0	0.8	0.4	1.0	0.0	23.614174	20.3	2594999	20.893703	8.4405775	34.39666	-71.74395	20.893751	8.437943	36.839832	-75.00641	-1.770344	1.44748	9.966981	-13.911899	-21.059977	9.658758	25885.062527418137
174	0.8704319	0.33582765	1.0	0.0	1.0	0.0	1.0	1.0	24.921926	13.2	2609999	20.879732	8.472307	35.574436	-92.38592	20.879848	8.471491	35.483032	-95.90128	-1.7628579	1.4502348	10.67233	-12.452774	-21.045408	9.720365	26034.159444332123
175	0.8980892	0.302531	1.0	0.0	1.0	0.0	1.0	1.0	23.915606	14.8	2624999	20.855494	8.497105	34.467445	-99.8007	20.85547	8.495928	34.871773	-104.395615	-1.765126	1.4498432	10.188814	-12.670507	-21.022394	9.749812	26183.501236200333
176	0.881877	0.32275367	1.0	0.0	1.0	0.0	1.0	1.0	24.236246	16.9	2639999	20.940664	8.538681	35.00797	-101.16896	20.940727	8.536991	35.23353	-106.78026	-1.7657135	1.4441743	11.200895	-13.80868	-21.110098	9.800401	26332.671218156815
177	0.88031495	0.32459286	1.0	0.0	0.9	0.29999998	1.0	0.0	23.659843	17.5	2654999	21.023237	8.600936	34.471363	-102.40758	21.02315	8.598243	36.574497	-109.75866	-1.7326739	1.4550956	10.993521	-12.316293	-21.197538	9.960197	26481.769547700882
178	0.8643791	0.3423856	1.0	0.0	1.0	0.0	1.0	1.0	24.495098	14.9	2669999	21.031185	8.626518	36.963856	-104.831566	21.031202	8.623909	35.905777	-110.11596	-1.7265849	1.4630548	10.578997	-13.143695	-21.207926	9.904148	26630.851443052292
179	0.848537	0.3584996	1.0	0.0	1.0	0.0	1.0	1.0	25.762478	14.6	2684999	21.214111	8.704154	35.42028	-109.191795	21.214016	8.702058	36.089256	-123.16246	-1.6975036	1.4749835	11.905434	-14.576376	-21.388155	10.127385	26779.864896297455
180	0.88535035	0.3185987	1.0	0.0	0.9	0.29999998	1.0	0.0	23.914013	17.2	2699999	21.038317	8.590449	35.714794	-102.70387	21.038559	8.587626	35.826897	-115.218575	-1.7268362	1.4682376	12.800171	-12.980444	-21.210667	9.87726	26929.218019247055
181	0.87070376	0.3355275	1.0	0.0	0.9	0.29999998	1.0	0.0	24.584288	18.5	2714999	20.95793	8.640452	35.60238	-108.35409	20.958082	8.639023	34.972775	-118.81331	-1.7604588	1.4426913	12.388197	-12.724931	-21.12827	9.788939	27078.321253299713
182	0.8752053	0.33048606	1.0	0.0	1.0	0.0	1.0	1.0	24.55665	9.1	2729999	20.896912	8.532854	38.27506	-85.425835	20.897146	8.531158	36.893	-97.47724	-1.7865134	1.4406419	10.217013	-13.637696	-21.06707	9.561041	27227.599845409393
183	0.8469388	0.3600465	1.0	0.0	0.8	0.4	1.0	0.0	25.583334	22.1	2744999	20.935495	8.548199	36.396408	-81.1998	20.935625	8.545702	36.131565	-83.5019	-1.7902097	1.4456066	11.336752	-13.181932	-21.108854	9.522271	27377.91347503662
184	0.86698717	0.33958858	1.0	0.0	0.8	0.4	1.0	0.0	24.03686	22.0	2759999	21.025995	8.553818	35.140335	-80.94576	21.026075	8.550452	34.139053	-83.99992	-1.7851981	1.4444454	10.894643	-14.19574	-21.197945	9.492165	27528.42212152481
185	0.86327505	0.34355673	1.0	0.0	0.9	0.29999998	1.0	0.0	23.848967	18.3	2774999	21.051744	8.572635	37.803173	-77.67955	21.051779	8.570462	37.704655	-76.264366	-1.7986401	1.4312551	14.6157675	-13.237198	-21.22156	9.445306	27678.592580795288
186	0.8605769	0.34638748	1.0	0.0	0.9	0.29999998	1.0	0.0	24.03686	18.1	2789999	20.968792	8.530621	35.981895	-71.89357	20.96886	8.527894	36.465233	-73.67882	-1.817239	1.4241078	8.51443	-13.145982	-21.137009	9.292216	27829.135106801987
187	0.8528926	0.354213	1.0	0.0	0.6	0.48989794	1.0	0.0	24.780165	26.5	2804999	21.063763	8.57675	35.69642	-66.36604	21.064035	8.573947	35.63834	-71.452736	-1.8066489	1.4344379	10.443184	-12.450196	-21.23797	9.320416	27979.424921274185
188	0.835034	0.37114984	1.0	0.0	1.0	0.0	1.0	1.0	25.508503	12.8	2819999	21.328152	8.7123995	36.30401	-60.511528	21.32826	8.7103815	36.891697	-60.631824	-1.7645879	1.4466264	10.837166	-12.419051	-21.509346	9.509246	28129.280558347702
189	0.8512397	0.3558521	1.0	0.0	0.7	0.45825756	1.0	0.0	24.773554	25.0	2834999	21.226397	8.652891	37.79387	-57.807972	21.226543	8.6509695	36.88628	-57.839336	-1.827657	1.4152942	10.523337	-13.914711	-21.400604	9.2710705	28279.603749275208
190	0.8392555	0.36729512	1.0	0.0	1.0	0.0	1.0	1.0	25.401014	12.5	2849999	21.15542	8.660946	38.694553	-59.766853	21.155542	8.659334	38.544632	-63.023945	-1.8521265	1.4052927	9.799942	-13.237881	-21.331379	9.016852	28429.70021891594
191	0.8281787	0.37722507	1.0	0.0	0.8	0.4	1.0	0.0	25.78007	22.2	2864999	21.281796	8.734634	36.910324	-57.736538	21.281887	8.73309	40.020817	-61.654312	-1.8367697	1.4154603	12.317541	-14.091614	-21.464058	9.09261	28581.258528470993
192	0.84246576	0.36430374	1.0	0.0	0.8	0.4	1.0	0.0	25.696918	22.6	2879999	21.651413	8.970856	37.480946	-58.303635	21.651564	8.969378	40.075565	-64.49323	-1.7639809	1.433512	10.904647	-11.653944	-21.852509	9.356578	28731.40706706047
193	0.8357964	0.37046024	1.0	0.0	0.8	0.4	1.0	0.0	24.615763	23.0	2894999	21.709644	8.980637	36.77957	-62.34097	21.709734	8.979309	40.408215	-66.269325	-1.8119849	1.4139625	10.832272	-14.145231	-21.894321	9.41453	28881.625151395798
194	0.8347826	0.37137666	1.0	0.0	0.8	0.4	1.0	0.0	26.10261	23.4	2909999	21.283504	8.776079	35.964176	-65.722244	21.283575	8.774927	39.558586	-68.813835	-1.8849194	1.3920815	11.716422	-12.024174	-21.461441	8.97668	29032.03770327568
195	0.852292	0.35481024	1.0	0.0	0.9	0.29999998	1.0	0.0	25.468592	19.2	2924999	21.29387	8.777312	37.901974	-33.86875	21.29379	8.776242	38.98715	-38.992268	-1.8998828	1.3822112	11.334093	-12.076332	-21.474367	8.930537	29181.219079256058
196	0.8249158	0.38003907	1.0	0.0	0.8	0.4	1.0	0.0	25.249159	25.6	2939999	21.32857	8.758743	40.709457	-41.585964	21.32876	8.756956	39.683224	-43.95997	-1.883713	1.3987552	9.76494	-13.479811	-21.51332	8.878606	29330.581844568253
197	0.8381113	0.3683487	1.0	0.0	0.9	0.29999998	1.0	0.0	25.241146	18.9	2954999	21.999187	9.172448	43.48272	-44.4377	21.999022	9.169615	42.73274	-41.394566	-1.6780638	1.4829277	10.069334	-14.031337	-22.229437	9.458292	29479.84908080101
198	0.90088755	0.2988129	1.0	0.0	0.7	0.45825756	1.0	0.0	22.232248	24.7	2969999	25.205557	10.914928	53.349308	-56.871315	25.205595	10.912775	50.950657	-54.02251	-1.26688	1.6562848	18.981716	-12.739525	-25.48543	12.667989	29629.52862405777
199	0.8122867	0.39048305	1.0	0.0	0.7	0.45825756	1.0	0.0	25.55802	30.1	2984999	21.243715	8.848068	36.58957	-60.463432	21.243765	8.847427	40.416058	-51.92067	-1.8843154	1.4132385	12.986882	-14.450853	-21.403475	8.998114	29779.010984420776
200	0.8117444	0.39091614	1.0	0.0	0.8	0.4	1.0	0.0	25.960276	25.2	2999999	21.023857	8.752865	37.02206	-60.52517	21.023975	8.751241	37.089634	-53.40704	-1.9076695	1.406226	11.9610615	-11.852437	-21.195486	8.713554	29928.08296275139
