Epoch	AverageEpRet	StdEpRet	MaxEpRet	MinEpRet	AverageTestEpRet	StdTestEpRet	MaxTestEpRet	MinTestEpRet	EpLen	TestEpLen	TotalEnvInteracts	AverageQ1Vals	StdQ1Vals	MaxQ1Vals	MinQ1Vals	AverageQ2Vals	StdQ2Vals	MaxQ2Vals	MinQ2Vals	LossPi	LossQ	Time
1	0.057803467	0.23337144	1.0	0.0	0.3	0.45825756	1.0	0.0	43.34393	42.8	14999	3.9499774	3.0145035	9.457551	-6.295206	3.9498856	3.012345	9.420971	-6.450764	-6.372647	0.32285264	1581.2968409061432
2	0.05232558	0.22268276	1.0	0.0	0.0	0.0	0.0	0.0	43.59302	225.4	29999	5.413274	4.458337	12.946027	-5.301762	5.413237	4.4582787	12.989508	-5.355419	-10.792818	0.59429216	3235.916314601898
3	0.04398827	0.205069	1.0	0.0	0.0	0.0	0.0	0.0	43.97654	109.2	44999	4.2745385	3.357717	13.730468	-2.4497333	4.274527	3.357863	13.789164	-2.4703212	-9.140622	0.1519197	4850.648234605789
4	0.055072464	0.22812164	1.0	0.0	0.0	0.0	0.0	0.0	43.466667	233.3	59999	2.7565258	2.0939395	10.647276	-2.8602304	2.7565162	2.0941758	10.647869	-3.0074117	-5.1327343	0.0959433	6516.726444721222
5	0.068571426	0.25272393	1.0	0.0	0.0	0.0	0.0	0.0	42.845715	187.6	74999	3.7124481	1.5816925	9.115091	-2.0946991	3.7124774	1.5817571	9.1782875	-2.1987782	-6.116929	0.1101634	8176.402376174927
6	0.055072464	0.22812164	1.0	0.0	0.0	0.0	0.0	0.0	43.466667	264.5	89999	3.8939984	1.1606739	7.722227	-0.18112013	3.8939898	1.1608988	7.7327814	-0.25689375	-5.1754103	0.05743114	9844.467613458633
7	0.04398827	0.205069	1.0	0.0	0.0	0.0	0.0	0.0	43.97654	140.8	104999	2.9107585	1.2450297	6.5638585	-0.12198812	2.910755	1.24495	6.6456337	-0.11391315	-4.2821507	0.06889	11481.957060575485
8	0.05232558	0.22268274	1.0	0.0	0.0	0.0	0.0	0.0	43.68314	142.6	119999	2.278175	1.1451681	5.764743	-2.2711008	2.2781672	1.1451966	5.857242	-2.2330549	-3.8534584	0.06880813	13130.380692243576
9	0.046783626	0.21117507	1.0	0.0	0.1	0.29999998	1.0	0.0	43.75731	186.5	134999	1.2166305	0.9837144	4.8917427	-2.2956812	1.2166429	0.9836671	4.9100866	-2.2904432	-2.8624578	0.07505021	14792.475945711136
10	0.06051873	0.23844542	1.0	0.0	0.0	0.0	0.0	0.0	43.216137	110.6	149999	1.0263349	0.7719695	3.446935	-2.3071647	1.026318	0.77210283	3.4651983	-2.3432565	-2.069307	0.04658376	16442.646954536438
11	0.05232558	0.22268274	1.0	0.0	0.2	0.4	1.0	0.0	43.59302	53.4	164999	1.997348	1.0946279	6.615452	-0.57286465	1.9973409	1.0948614	6.4695144	-1.0044858	-3.2819996	0.08800046	18070.424880504608
12	0.023880597	0.15267716	1.0	0.0	0.0	0.0	0.0	0.0	44.901493	123.4	179999	0.80310416	0.8821697	5.306711	-0.93079543	0.8031293	0.8821289	5.2272053	-0.91106856	-2.269872	0.07082503	19702.75892138481
13	0.046783626	0.21117508	1.0	0.0	0.0	0.0	0.0	0.0	43.847954	168.6	194999	0.5614558	0.69071877	3.594893	-1.23157	0.561432	0.6908018	3.8460903	-1.2380531	-1.5535392	0.048564542	21355.262744665146
14	0.05232558	0.22268274	1.0	0.0	0.1	0.29999998	1.0	0.0	43.59302	158.9	209999	0.8815479	0.746882	3.8727882	-1.2629048	0.88153213	0.74690217	3.830774	-1.2269125	-1.7793771	0.049857486	23019.240796089172
15	0.04398827	0.205069	1.0	0.0	0.0	0.0	0.0	0.0	43.97654	65.5	224999	1.2077502	0.9249494	6.3773737	-1.317837	1.2077378	0.9249837	6.433502	-1.5544341	-2.3147898	0.03545687	24649.606041669846
16	0.057803467	0.23337144	1.0	0.0	0.0	0.0	0.0	0.0	43.34104	87.9	239999	1.9393324	1.210256	4.534224	-1.4088187	1.9393224	1.210309	4.3928423	-1.3601112	-2.8853338	0.04556464	26297.28682255745
17	0.055072464	0.22812167	1.0	0.0	0.0	0.0	0.0	0.0	43.466667	130.6	254999	1.7612343	0.88511586	5.0573606	-1.6675227	1.7612556	0.885134	5.084759	-1.7848458	-2.6880484	0.048795003	27958.402871847153
18	0.055072464	0.22812165	1.0	0.0	0.0	0.0	0.0	0.0	43.466667	127.3	269999	1.6628696	0.73796207	3.8492541	-0.9549521	1.6628581	0.737872	3.911539	-1.0606936	-2.5482082	0.03546459	29614.24714398384
19	0.038348082	0.19203517	1.0	0.0	0.0	0.0	0.0	0.0	44.23599	134.2	284999	2.031942	0.92149526	4.5147433	-0.36023524	2.0319397	0.9214768	4.517728	-0.30540216	-3.0503397	0.03159938	31260.787100553513
20	0.068571426	0.25272393	1.0	0.0	0.0	0.0	0.0	0.0	42.845715	233.5	299999	1.3729463	0.65561026	5.584181	-0.54932237	1.3729168	0.65548635	5.870988	-0.55484533	-2.4313347	0.048010316	32966.394067287445
21	0.04956268	0.21703967	1.0	0.0	0.0	0.0	0.0	0.0	43.720116	273.9	314999	0.92190963	0.7200126	3.674279	-1.2343723	0.92186916	0.7201198	3.7762556	-1.2556765	-1.7841479	0.041677423	34662.53994464874
22	0.065902576	0.24811172	1.0	0.0	0.0	0.0	0.0	0.0	42.968483	230.5	329999	1.1272963	0.6602181	3.2916837	-1.1965299	1.1272956	0.66018933	3.2882297	-1.2039528	-1.9296776	0.037124638	36354.77422332764
23	0.04117647	0.1986982	1.0	0.0	0.0	0.0	0.0	0.0	44.10588	299.1	344999	1.1552538	0.88428897	3.522913	-2.8986325	1.1552566	0.8844178	3.4859047	-2.968728	-2.0167227	0.050445892	38046.6565721035
24	0.060344826	0.2381246	1.0	0.0	0.0	0.0	0.0	0.0	43.224136	226.2	359999	0.72084624	0.7952342	3.758527	-2.0398102	0.72084713	0.79528254	3.758894	-1.9881706	-1.6579401	0.050445586	39738.78235197067
25	0.057803467	0.23337145	1.0	0.0	0.1	0.29999998	1.0	0.0	43.34104	113.2	374999	1.2393763	0.8811457	5.1911926	-0.86049074	1.2393781	0.8810327	5.180461	-0.8365603	-2.322438	0.0465447	41394.164516210556
26	0.05232558	0.22268274	1.0	0.0	0.0	0.0	0.0	0.0	43.59302	202.3	389999	1.0398682	1.0123897	5.6521387	-0.7559221	1.0398573	1.012403	5.7369313	-0.6623302	-2.4892619	0.053518508	43071.400284051895
27	0.05232558	0.22268274	1.0	0.0	0.0	0.0	0.0	0.0	43.59302	247.0	404999	0.73567444	0.62101346	2.547272	-1.0278875	0.7356831	0.62105435	2.5346818	-0.9615498	-1.6320002	0.023134746	44764.983036994934
28	0.06051873	0.23844542	1.0	0.0	0.0	0.0	0.0	0.0	43.216137	213.9	419999	1.2880193	0.7991191	4.4630766	-1.4711	1.2880145	0.79907143	4.474688	-1.238136	-2.2510338	0.053634968	46449.35562372208
29	0.04117647	0.1986982	1.0	0.0	0.0	0.0	0.0	0.0	44.10588	244.5	434999	1.3839878	0.88976777	4.895128	-0.7596656	1.3839791	0.8897034	4.8903713	-0.7618453	-2.5411782	0.06288646	48132.55678009987
30	0.046783626	0.21117508	1.0	0.0	0.0	0.0	0.0	0.0	43.847954	215.9	449999	1.6599034	0.9186747	4.3665667	-0.81219876	1.6599231	0.9187137	4.386924	-0.8931319	-2.948505	0.068565	49797.873893499374
31	0.04296875	0.20278668	1.0	0.0	0.1	0.29999998	1.0	0.0	57.75	270.1	464999	2.4151423	2.2564452	12.196376	-0.43831384	2.4151483	2.256498	12.11661	-0.4623176	-3.656125	0.06250233	51311.84170603752
32	0.018181818	0.13360852	1.0	0.0	0.0	0.0	0.0	0.0	277.1091	254.7	479999	13.0917425	4.4214935	19.85204	-1.6406429	13.091784	4.4210997	19.338455	-1.9494169	-15.208075	0.4443312	52420.35898089409
33	0.018518519	0.13481686	1.0	0.0	0.0	0.0	0.0	0.0	276.18518	250.4	494999	14.330638	5.678659	19.790491	-2.8195376	14.330619	5.678692	19.588028	-3.1468885	-16.63537	0.43225366	53480.277069330215
34	0.011494253	0.10659333	1.0	0.0	0.1	0.29999998	1.0	0.0	170.31035	170.3	509999	12.223399	6.5624437	20.077744	-2.8038592	12.223428	6.562569	19.404692	-2.6982682	-15.665642	0.5763056	54592.97067451477
35	0.054421768	0.22684807	1.0	0.0	0.0	0.0	0.0	0.0	102.319725	82.6	524999	11.378598	7.0806894	19.758808	-2.3860447	11.378581	7.0807924	19.333067	-2.2659376	-14.676425	0.34694442	55819.99380970001
36	0.013986014	0.11743257	1.0	0.0	0.0	0.0	0.0	0.0	105.16783	237.7	539999	13.847827	6.643642	20.797676	-1.3816242	13.847889	6.6434126	20.042683	-1.739602	-15.112854	0.2980661	57083.736934661865
37	0.052173913	0.22237761	1.0	0.0	0.0	0.0	0.0	0.0	130.96521	41.1	554999	14.91264	6.809418	20.532404	-2.1078625	14.912665	6.809253	20.635208	-2.4638746	-15.848754	0.23033912	58254.09342265129
38	0.031746034	0.17532319	1.0	0.0	0.0	0.0	0.0	0.0	117.85714	241.6	569999	15.415405	6.703809	20.341543	-1.5882714	15.415384	6.7037096	20.591806	-1.6964903	-16.075478	0.20340899	59493.07226371765
39	0.06	0.23748685	1.0	0.0	0.2	0.4	1.0	0.0	152.78	162.9	584999	15.388377	6.984751	20.617859	-1.0768585	15.388387	6.984566	20.486244	-0.77554846	-16.035515	0.21662301	60659.89866900444
40	0.01986755	0.13954508	1.0	0.0	0.0	0.0	0.0	0.0	98.42384	70.4	599999	15.500745	7.1644235	21.598146	-1.3683968	15.500754	7.1643367	20.363155	-0.91424716	-16.060778	0.2105968	61915.685874700546
41	0.028846154	0.16737399	1.0	0.0	0.1	0.29999998	1.0	0.0	144.33653	85.5	614999	15.68496	6.912104	21.308266	-0.9180114	15.684964	6.9119782	20.59479	-0.8301939	-16.19397	0.19104512	63049.84782719612
42	0.05882353	0.23529415	1.0	0.0	0.0	0.0	0.0	0.0	147.29411	93.9	629999	15.767713	7.240298	20.689373	-0.78200114	15.767718	7.240175	20.57352	-0.6983124	-16.165287	0.18318863	64216.72692966461
43	0.01724138	0.13016956	1.0	0.0	0.0	0.0	0.0	0.0	130.02586	161.1	644999	15.721901	7.3161182	20.500862	-1.054471	15.721886	7.3159084	20.465626	-0.48398292	-16.02912	0.19569965	65454.38317203522
44	0.016528925	0.12749794	1.0	0.0	0.1	0.29999998	1.0	0.0	122.3719	167.1	659999	15.662157	7.4681287	20.545359	-1.1975427	15.662154	7.467693	20.49256	-1.2764978	-15.863803	0.20287809	66739.58806300163
45	0.08783784	0.2830589	1.0	0.0	0.1	0.29999998	1.0	0.0	102.60135	118.2	674999	15.758085	7.542172	20.461449	-1.172061	15.758119	7.5421104	20.957527	-1.4829353	-15.887465	0.19506295	68040.79035902023
46	0.043715846	0.20446217	1.0	0.0	0.1	0.29999998	1.0	0.0	82.12022	102.2	689999	15.8855915	7.4897695	20.63119	-1.8730733	15.885591	7.4899454	20.327457	-1.786035	-16.004154	0.19452327	69456.00385832787
47	0.071428575	0.25753936	1.0	0.0	0.0	0.0	0.0	0.0	89.184525	177.8	704999	15.84742	7.456046	20.624035	-2.261155	15.847415	7.4562364	20.38421	-1.9049399	-15.98329	0.20751841	70855.88901758194
48	0.07189543	0.25831467	1.0	0.0	0.0	0.0	0.0	0.0	97.46405	198.6	719999	15.92005	7.2866306	20.815798	-2.6387196	15.920006	7.286936	20.785995	-1.5852538	-16.090427	0.23968129	72180.11570572853
49	0.04901961	0.21590893	1.0	0.0	0.2	0.4	1.0	0.0	146.50981	210.2	734999	15.868352	7.2296443	21.235794	-3.6581476	15.868343	7.2298236	21.543749	-2.640564	-16.057648	0.25486776	73426.20739626884
50	0.083333336	0.2763854	1.0	0.0	0.0	0.0	0.0	0.0	139.22223	208.3	749999	15.922282	7.130711	21.769907	-6.1170864	15.922257	7.131015	21.898947	-3.0235558	-16.111206	0.2683992	74694.53750920296
51	0.09016393	0.28641647	1.0	0.0	0.1	0.29999998	1.0	0.0	123.672134	169.8	764999	15.892704	7.0458584	20.797762	-5.8355336	15.892706	7.0460463	20.81267	-3.2935386	-16.096336	0.2882623	75966.9423148632
52	0.11111111	0.31426963	1.0	0.0	0.0	0.0	0.0	0.0	118.888885	188.8	779999	15.682641	7.146178	21.225859	-6.0131536	15.682608	7.146445	21.025763	-4.416612	-15.90996	0.33746976	77239.48411560059
53	0.17699115	0.3816612	1.0	0.0	0.2	0.4	1.0	0.0	130.84956	185.8	794999	15.570865	7.211781	20.96572	-6.3000965	15.57084	7.2121983	20.823145	-4.4316287	-15.798829	0.36274493	78489.14260554314
54	0.16964285	0.37531874	1.0	0.0	0.1	0.29999998	1.0	0.0	133.9375	153.9	809999	15.490781	7.128802	21.247925	-5.9979024	15.490796	7.129257	21.3878	-3.9705486	-15.7322645	0.39376828	79868.53276228905
55	0.20869565	0.4063764	1.0	0.0	0.0	0.0	0.0	0.0	132.50435	183.5	824999	15.235387	7.299649	22.404501	-8.027047	15.235377	7.300291	22.608976	-4.703877	-15.488787	0.45708027	81292.316157341
56	0.26363635	0.44060436	1.0	0.0	0.1	0.29999998	1.0	0.0	135.89091	187.5	839999	15.086238	7.3343143	22.241327	-6.9445586	15.086234	7.335067	22.337141	-5.3754873	-15.360051	0.50401735	82707.8376634121
57	0.259542	0.43838334	1.0	0.0	0.4	0.48989797	1.0	0.0	113.43511	90.3	854999	14.896309	7.3555365	21.364243	-8.004248	14.896357	7.3561735	21.31192	-4.3183804	-15.184088	0.5463512	84128.45147275925
58	0.2413793	0.4279198	1.0	0.0	0.4	0.48989797	1.0	0.0	130.46552	163.4	869999	14.631563	7.458686	21.25469	-7.969995	14.6316	7.4595966	21.16561	-3.7689714	-14.917538	0.6031347	85546.17461156845
59	0.26277372	0.44014055	1.0	0.0	0.3	0.45825756	1.0	0.0	109.824814	108.4	884999	14.45861	7.467808	20.56619	-6.4114203	14.458637	7.4687524	20.585112	-3.6291125	-14.748977	0.61988866	86998.49978017807
60	0.30555555	0.46064234	1.0	0.0	0.2	0.4	1.0	0.0	137.77777	103.7	899999	14.372924	7.530364	21.308271	-5.573633	14.372936	7.5315204	21.202541	-3.4773014	-14.669055	0.64755183	88414.45569467545
61	0.2761905	0.4471121	1.0	0.0	0.6	0.48989797	1.0	0.0	143.94286	131.0	914999	14.283631	7.6685076	21.828241	-7.4364824	14.283647	7.6697645	21.817255	-4.1394753	-14.576555	0.67129755	89806.12353754044
62	0.32173914	0.46714348	1.0	0.0	0.3	0.45825756	1.0	0.0	129.2087	149.2	929999	14.1367655	7.6619797	21.05461	-7.802121	14.136756	7.663179	21.329514	-4.7416706	-14.437609	0.67834395	91240.94511294365
63	0.22727273	0.4190702	1.0	0.0	0.2	0.4	1.0	0.0	137.9	163.5	944999	13.986188	7.7277274	21.13105	-6.128392	13.986225	7.7293124	21.086966	-6.2123194	-14.29981	0.71043074	92668.33692216873
64	0.3223684	0.46738318	1.0	0.0	0.4	0.48989797	1.0	0.0	98.23026	108.5	959999	13.945174	7.808975	21.118683	-8.9683	13.945147	7.810646	21.173159	-4.041294	-14.261045	0.7520866	94167.98800206184
65	0.38793105	0.4872787	1.0	0.0	0.3	0.45825756	1.0	0.0	128.7069	154.1	974999	13.859669	7.795133	21.275297	-6.291171	13.85969	7.7970667	21.373878	-4.525799	-14.180521	0.7818528	95590.03057789803
66	0.34306568	0.4747332	1.0	0.0	0.6	0.48989797	1.0	0.0	108.759125	135.8	989999	13.836184	7.7335324	21.26632	-4.646843	13.836202	7.73533	21.290154	-4.22433	-14.166423	0.80018926	97023.11580371857
67	0.35772356	0.47933015	1.0	0.0	0.2	0.4	1.0	0.0	123.203255	143.2	1004999	13.662816	7.747359	21.60624	-4.445076	13.6628065	7.748951	21.234928	-3.572788	-13.995725	0.8001062	98406.84682631493
68	0.37606838	0.4843976	1.0	0.0	0.2	0.4	1.0	0.0	127.0171	133.8	1019999	13.6825075	7.837107	21.78072	-5.380027	13.68248	7.8386827	21.738882	-5.6873336	-14.032411	0.82839715	99793.45622968674
69	0.41717792	0.4930928	1.0	0.0	0.8	0.4	1.0	0.0	93.47853	71.5	1034999	13.774433	7.8302727	21.787437	-4.0889287	13.774451	7.831727	21.65171	-3.5173283	-14.0969095	0.82252383	101232.09558773041
70	0.45925927	0.49833742	1.0	0.0	0.7	0.45825756	1.0	0.0	109.46667	79.1	1049999	13.617477	7.7771873	21.754143	-4.4814487	13.617439	7.7785816	21.720028	-3.4093518	-13.950642	0.8550513	102618.54317831993
71	0.37795275	0.4848757	1.0	0.0	0.4	0.48989797	1.0	0.0	119.23622	127.2	1064999	13.600265	7.7345877	21.668633	-5.583369	13.600267	7.7358003	21.6037	-3.491867	-13.937603	0.86183006	104018.19014716148
72	0.3409091	0.47401485	1.0	0.0	0.4	0.48989797	1.0	0.0	113.007576	112.5	1079999	13.593362	7.677738	21.06877	-4.3560305	13.59334	7.679142	20.854698	-7.441202	-13.932333	0.84837556	105424.12234258652
73	0.2672414	0.44251946	1.0	0.0	0.0	0.0	0.0	0.0	128.57759	223.8	1094999	13.6654625	7.7851715	21.16299	-4.2644734	13.665476	7.7861447	20.706108	-4.1414375	-13.981114	0.8788712	106847.57594490051
74	0.37762237	0.48479247	1.0	0.0	0.6	0.48989797	1.0	0.0	106.61539	112.8	1109999	13.739677	7.759214	21.644615	-5.421271	13.739648	7.760349	20.760714	-4.209957	-14.061533	0.8753379	108278.93195962906
75	0.37007874	0.48282555	1.0	0.0	0.2	0.4	1.0	0.0	118.14173	177.6	1124999	13.689076	7.760316	21.01505	-6.1908817	13.689062	7.761421	20.90871	-3.3342423	-14.025968	0.8962137	109685.4270222187
76	0.32142857	0.4670249	1.0	0.0	0.3	0.45825756	1.0	0.0	133.97322	169.5	1139999	13.73156	7.782103	21.284452	-4.9400373	13.731588	7.783283	21.28822	-3.8568628	-14.063866	0.8507344	111055.35965013504
77	0.2826087	0.45026773	1.0	0.0	0.3	0.45825756	1.0	0.0	161.52174	111.8	1154999	13.740994	7.789393	22.087309	-4.756186	13.740955	7.7902527	21.117237	-4.375677	-14.040367	0.80232704	112378.79434847832
78	0.38842976	0.48739317	1.0	0.0	0.7	0.45825756	1.0	0.0	123.818184	25.6	1169999	13.815981	7.747439	21.185873	-7.973214	13.815968	7.748324	21.067291	-4.830656	-14.101253	0.8064905	113749.83117246628
79	0.41732284	0.49311706	1.0	0.0	0.3	0.45825756	1.0	0.0	117.92126	190.5	1184999	13.838672	7.7360296	21.516096	-5.9621177	13.838663	7.737042	21.24693	-3.869872	-14.117547	0.81905466	115189.16619944572
80	0.31205675	0.46333286	1.0	0.0	0.1	0.29999998	1.0	0.0	106.680855	110.1	1199999	13.663663	7.676055	21.00723	-4.930485	13.663676	7.6772747	21.088371	-5.8835163	-13.947566	0.8408398	116623.7644481659
81	0.37086093	0.4830353	1.0	0.0	0.3	0.45825756	1.0	0.0	98.64239	88.8	1214999	13.644128	7.739136	21.05753	-7.4026055	13.644094	7.7404823	21.073427	-6.478017	-13.924355	0.88165265	118084.52722430229
82	0.28099173	0.44948345	1.0	0.0	0.4	0.489898	1.0	0.0	123.90909	84.0	1229999	13.659523	7.742298	21.260708	-6.170862	13.6595545	7.7434726	21.062252	-6.5817146	-13.949611	0.8991571	119491.47212171555
83	0.34848484	0.47649047	1.0	0.0	0.5	0.5	1.0	0.0	115.52273	90.9	1244999	13.599093	7.749949	20.35714	-6.86111	13.59906	7.7512727	21.04536	-5.015124	-13.88821	0.91497815	120899.95313215256
84	0.41304347	0.49238053	1.0	0.0	0.4	0.48989797	1.0	0.0	108.021736	163.0	1259999	13.595822	7.8059063	21.211285	-4.992528	13.59583	7.806916	21.218933	-4.728574	-13.883713	0.9010177	122362.53382468224
85	0.3442623	0.4751271	1.0	0.0	0.3	0.45825756	1.0	0.0	122.84426	176.7	1274999	13.716695	7.821952	21.392033	-5.846605	13.716689	7.8230543	21.247528	-4.534455	-14.003678	0.87746495	123790.75392985344
86	0.2857143	0.4517539	1.0	0.0	0.4	0.48989797	1.0	0.0	142.53334	109.8	1289999	13.806756	7.8150654	21.511902	-4.2816386	13.806789	7.81599	21.239328	-4.253337	-14.091634	0.8319285	125136.41663908958
87	0.31428573	0.46423078	1.0	0.0	0.5	0.5	1.0	0.0	141.55238	91.7	1304999	13.944762	7.9067917	21.41796	-4.9075236	13.944799	7.9077134	21.23477	-3.3982415	-14.20857	0.80207527	126496.69971346855
88	0.2020202	0.4015072	1.0	0.0	0.4	0.48989797	1.0	0.0	153.38383	87.7	1319999	13.8391485	7.908725	21.760014	-4.277092	13.839108	7.9096894	21.786095	-4.0714355	-14.103598	0.80910367	127854.3243367672
89	0.38016528	0.48542723	1.0	0.0	0.3	0.45825756	1.0	0.0	124.76859	92.6	1334999	13.887584	7.843044	21.563503	-4.6572533	13.887608	7.8440557	21.554272	-4.060768	-14.15195	0.77186537	129262.1498799324
90	0.39583334	0.4890289	1.0	0.0	0.2	0.4	1.0	0.0	104.13194	112.7	1349999	14.0064945	7.8176126	21.713524	-3.6783848	14.006503	7.8185625	21.613386	-3.7696712	-14.252766	0.74992853	130749.02708363533
91	0.37593985	0.4843646	1.0	0.0	0.4	0.489898	1.0	0.0	111.09775	107.9	1364999	13.915038	7.8241315	21.714697	-4.1172905	13.915043	7.8256726	21.60485	-3.8718486	-14.167756	0.76902705	132180.23709726334
92	0.32307693	0.46765184	1.0	0.0	0.3	0.45825756	1.0	0.0	117.1	167.6	1379999	13.938404	7.872427	20.861383	-4.3571105	13.938408	7.8733606	21.124084	-4.0921526	-14.183445	0.7866664	133672.5871837139
93	0.44785276	0.49727327	1.0	0.0	0.1	0.29999998	1.0	0.0	91.993866	142.3	1394999	13.849991	7.88405	20.893925	-4.570132	13.8499775	7.8850327	20.86771	-4.623108	-14.09737	0.8038422	135207.13057041168
94	0.37301588	0.48360628	1.0	0.0	0.4	0.489898	1.0	0.0	117.666664	171.5	1409999	13.893355	7.9166517	20.877878	-5.0018573	13.8933525	7.9176555	20.83959	-3.8570285	-14.146225	0.8001671	136650.2235300541
95	0.32478634	0.46829495	1.0	0.0	0.6	0.48989797	1.0	0.0	129.34187	104.4	1424999	13.879256	7.9506674	21.400515	-5.5549583	13.879247	7.95164	21.373934	-4.440829	-14.143288	0.81475276	138053.47779726982
96	0.39855072	0.48959988	1.0	0.0	0.1	0.29999998	1.0	0.0	109.021736	171.4	1439999	13.824603	8.003242	21.455263	-4.8047132	13.824641	8.004013	21.24696	-3.5421538	-14.0757675	0.8305159	139525.04361653328
97	0.3888889	0.487498	1.0	0.0	0.3	0.45825756	1.0	0.0	118.80159	146.4	1454999	13.908253	8.0287285	21.199913	-5.7808504	13.908239	8.029518	21.107082	-4.2833605	-14.159261	0.82267714	140943.2872376442
98	0.3114754	0.46309662	1.0	0.0	0.3	0.45825756	1.0	0.0	122.63934	147.9	1469999	13.843527	7.9991727	21.013632	-6.271139	13.8434925	8.000419	21.047832	-3.2133358	-14.117986	0.8042768	142345.81925058365
99	0.33333334	0.4714045	1.0	0.0	0.1	0.29999998	1.0	0.0	110.42963	189.8	1484999	13.794968	7.958552	20.85644	-4.0913076	13.794979	7.9593325	20.88283	-3.9817538	-14.092905	0.79974765	143795.9687128067
100	0.40151516	0.4902048	1.0	0.0	0.4	0.489898	1.0	0.0	114.63636	161.4	1499999	13.805441	7.8976727	20.829304	-6.2891717	13.805406	7.8988047	21.22225	-3.9385304	-14.097618	0.80854267	145222.96680784225
101	0.41129032	0.49206766	1.0	0.0	0.6	0.48989797	1.0	0.0	120.59677	80.6	1514999	13.76785	7.8610272	20.461376	-4.2033243	13.76787	7.8617215	20.802309	-3.4519184	-14.047458	0.78295857	146604.84868383408
102	0.44642857	0.4971218	1.0	0.0	0.2	0.4	1.0	0.0	132.48215	140.6	1529999	13.915121	7.8937807	20.86292	-3.6527643	13.915123	7.894529	20.905308	-3.5920575	-14.179886	0.7898393	147975.0081732273
103	0.26804122	0.44293916	1.0	0.0	0.2	0.4	1.0	0.0	156.51546	128.8	1544999	13.960251	7.917934	21.036499	-5.049169	13.960256	7.918514	20.986774	-4.172018	-14.214734	0.774901	149324.66912841797
104	0.4122807	0.49224517	1.0	0.0	0.2	0.4	1.0	0.0	131.26315	200.9	1559999	13.764137	7.874223	20.939644	-3.908154	13.764121	7.8754044	20.850523	-3.8773956	-14.028254	0.79409283	150713.98138237
105	0.3644068	0.48126334	1.0	0.0	0.4	0.48989797	1.0	0.0	127.62712	149.7	1574999	13.585617	7.9020033	20.463068	-4.5726223	13.585599	7.9038424	20.925013	-3.3774629	-13.8660965	0.8275232	152105.43282938004
106	0.456	0.49806026	1.0	0.0	0.4	0.489898	1.0	0.0	118.968	135.0	1589999	13.648734	7.951927	20.538593	-4.2597675	13.648713	7.9531145	21.238108	-4.551628	-13.917621	0.81048644	153521.71495199203
107	0.44262296	0.49669695	1.0	0.0	0.4	0.48989797	1.0	0.0	124.0	115.2	1604999	13.709879	7.9067163	20.55855	-4.7212524	13.70986	7.9076962	20.622623	-5.4713717	-13.967709	0.8000256	154920.7822048664
108	0.36134455	0.4803901	1.0	0.0	0.1	0.29999998	1.0	0.0	124.16807	137.2	1619999	13.473186	7.881216	20.757046	-5.0028944	13.473189	7.882188	20.568789	-6.264241	-13.768669	0.806184	156326.60680294037
109	0.35185185	0.4775481	1.0	0.0	0.2	0.4	1.0	0.0	139.78703	92.0	1634999	13.549946	7.921672	20.875082	-4.962537	13.549928	7.922753	20.95168	-5.9823895	-13.841398	0.7898638	157687.8965215683
110	0.2990654	0.45784852	1.0	0.0	0.3	0.45825756	1.0	0.0	140.00934	134.5	1649999	13.596242	7.923493	20.42463	-4.3928523	13.5962515	7.924156	20.508915	-4.1558676	-13.889515	0.772195	159043.30420589447
111	0.3140496	0.46413618	1.0	0.0	0.6	0.48989797	1.0	0.0	124.23967	82.0	1664999	13.611498	7.8866262	20.946556	-4.4327273	13.611486	7.887922	20.446453	-3.7352924	-13.903485	0.74572694	160430.3935046196
112	0.3539823	0.47820374	1.0	0.0	0.3	0.45825756	1.0	0.0	131.69026	152.2	1679999	13.725647	7.8866124	20.758762	-3.9102554	13.725628	7.887856	20.343168	-3.1225824	-13.992741	0.73421067	161857.02915382385
113	0.33653846	0.47252548	1.0	0.0	0.3	0.45825756	1.0	0.0	145.46153	79.4	1694999	13.937565	7.9167027	20.725311	-4.4325895	13.937554	7.9179497	20.518751	-3.3201067	-14.167778	0.68193656	163196.94075608253
114	0.2929293	0.4551063	1.0	0.0	0.5	0.5	1.0	0.0	151.75757	45.9	1709999	13.893074	7.9092164	20.676428	-3.1715622	13.893086	7.910477	20.561228	-3.440565	-14.124891	0.6709337	164526.88399028778
115	0.33070865	0.4704683	1.0	0.0	0.4	0.48989797	1.0	0.0	118.40157	39.8	1724999	13.697785	7.8654814	21.044142	-3.561749	13.697812	7.866719	20.270086	-3.4470541	-13.95055	0.6815754	165916.71243715286
116	0.34057972	0.4739042	1.0	0.0	0.4	0.489898	1.0	0.0	107.23913	132.1	1739999	13.93785	7.947028	20.758718	-5.7661757	13.937863	7.947647	20.452244	-4.3760004	-14.1845875	0.68564844	167382.45807385445
117	0.37241378	0.4834478	1.0	0.0	0.4	0.48989797	1.0	0.0	104.88276	139.1	1754999	13.837402	7.882107	20.622772	-3.2507243	13.837429	7.8830237	20.425175	-3.766882	-14.089829	0.69729203	168894.2448132038
118	0.2983871	0.45755023	1.0	0.0	0.3	0.45825756	1.0	0.0	120.8871	92.5	1769999	13.849406	7.8235364	20.967346	-6.6093163	13.84941	7.824139	20.47086	-2.9827876	-14.105637	0.71011204	170340.40453863144
119	0.41104296	0.492023	1.0	0.0	0.4	0.48989797	1.0	0.0	91.288345	123.2	1784999	13.850401	7.9007273	21.799583	-4.7258587	13.850412	7.901615	20.55526	-5.1136727	-14.098475	0.7437535	171846.85501599312
120	0.4520548	0.49769595	1.0	0.0	0.5	0.5	1.0	0.0	103.62329	130.9	1799999	13.703942	7.903929	21.00887	-4.3435435	13.703941	7.9048324	20.383442	-2.4072027	-13.966628	0.77352494	173290.67182016373
121	0.38931298	0.4875945	1.0	0.0	0.2	0.4	1.0	0.0	114.91603	125.9	1814999	13.647518	7.882454	20.59646	-4.071738	13.647558	7.8831954	20.220207	-2.4303026	-13.9202795	0.80484337	174676.6469900608
122	0.3125	0.4635124	1.0	0.0	0.2	0.4	1.0	0.0	133.01785	134.2	1829999	13.527745	7.841558	20.715588	-3.129806	13.527751	7.8429213	20.15103	-2.6635637	-13.801258	0.78627163	176051.38883185387
123	0.36301368	0.48086873	1.0	0.0	0.4	0.489898	1.0	0.0	102.27397	92.9	1844999	13.551095	7.9059343	20.794252	-5.173725	13.551077	7.9071035	20.431059	-3.5514712	-13.8234415	0.80561125	177475.86465120316
124	0.3467742	0.47594315	1.0	0.0	0.2	0.4	1.0	0.0	120.15323	92.4	1859999	13.607192	7.8800945	20.535566	-3.398254	13.607178	7.881737	20.605244	-2.1745634	-13.886127	0.7935558	178856.38821148872
125	0.30172414	0.45900622	1.0	0.0	0.3	0.45825756	1.0	0.0	131.75	135.2	1874999	13.67518	7.931911	21.072308	-2.7863069	13.675184	7.933261	20.663322	-2.238276	-13.940365	0.7901787	180225.66476392746
126	0.24561404	0.43045068	1.0	0.0	0.4	0.489898	1.0	0.0	131.24562	89.0	1889999	13.680696	7.9393015	21.066265	-3.0809324	13.680699	7.9405255	20.412443	-2.3050869	-13.950525	0.7718149	181591.72122383118
127	0.2753623	0.44669667	1.0	0.0	0.3	0.45825756	1.0	0.0	108.73189	82.6	1904999	13.643633	7.9326963	21.000029	-3.2445514	13.643613	7.9337835	20.561136	-3.1029425	-13.903048	0.80619055	183010.44485783577
128	0.35766423	0.47931257	1.0	0.0	0.3	0.45825756	1.0	0.0	109.55474	116.1	1919999	13.437793	7.857221	20.76248	-3.4864545	13.437768	7.857953	20.602312	-3.1225734	-13.703231	0.83956456	184432.60713934898
129	0.375	0.48412293	1.0	0.0	0.6	0.48989794	1.0	0.0	133.45535	78.0	1934999	13.417908	7.7752523	20.804564	-4.4674745	13.417921	7.776388	20.621916	-3.335231	-13.695327	0.81006545	185791.67864108086
130	0.3984375	0.4895764	1.0	0.0	0.5	0.5	1.0	0.0	116.38281	78.3	1949999	13.516846	7.794507	20.606348	-4.9804444	13.516817	7.795677	20.393328	-3.9424672	-13.778412	0.79543597	187162.95371317863
131	0.32743362	0.46927693	1.0	0.0	0.1	0.29999998	1.0	0.0	134.37169	130.6	1964999	13.435052	7.8112826	20.805285	-4.0499425	13.435065	7.8122926	20.41449	-3.7499065	-13.70389	0.76367706	188519.0624215603
132	0.37007874	0.48282555	1.0	0.0	0.4	0.489898	1.0	0.0	118.07087	111.1	1979999	13.451817	7.862999	20.740038	-5.116974	13.451807	7.8644514	20.472954	-2.9224715	-13.713305	0.77274406	189897.27621889114
133	0.3617021	0.4804932	1.0	0.0	0.2	0.4	1.0	0.0	106.007095	154.8	1994999	13.51461	7.873252	20.778399	-3.2535062	13.514635	7.8740864	20.212444	-2.7379813	-13.766362	0.75277436	191326.48766326904
134	0.36567163	0.481618	1.0	0.0	0.6	0.48989797	1.0	0.0	111.04478	70.8	2009999	13.594949	7.8877144	20.254694	-4.3294663	13.594983	7.888404	20.089643	-2.8975754	-13.8380165	0.73410815	192726.52225542068
135	0.3018868	0.45907643	1.0	0.0	0.3	0.45825756	1.0	0.0	142.93396	134.6	2024999	13.667092	7.9620156	20.35268	-3.7638845	13.66713	7.9627104	20.47596	-2.507496	-13.914897	0.72330886	194095.6045103073
136	0.42372882	0.4941485	1.0	0.0	0.1	0.29999998	1.0	0.0	127.330505	226.0	2039999	13.751017	7.952865	20.48837	-10.902231	13.751027	7.953403	20.153994	-2.9193244	-13.986115	0.7133352	195516.12560868263
137	0.38181818	0.4858323	1.0	0.0	0.2	0.4	1.0	0.0	135.78181	193.5	2054999	13.837842	7.97492	20.495647	-4.3721147	13.837843	7.975866	20.166384	-2.471387	-14.046456	0.7131278	196904.3538248539
138	0.33333334	0.47140452	1.0	0.0	0.3	0.45825756	1.0	0.0	128.76923	176.6	2069999	13.756097	7.9761367	20.273842	-4.126221	13.756076	7.9766107	20.290028	-2.57488	-13.955453	0.719053	198324.59025526047
139	0.3478261	0.47628045	1.0	0.0	0.5	0.5	1.0	0.0	129.66957	80.0	2084999	13.810104	7.982108	20.86624	-7.9200797	13.810087	7.982542	20.070387	-3.753272	-14.009427	0.71212304	199734.6336236
140	0.33606556	0.47236162	1.0	0.0	0.4	0.489898	1.0	0.0	122.7541	93.4	2099999	13.753216	7.906157	21.254568	-6.79683	13.753194	7.906677	20.287941	-3.5366282	-13.969758	0.7096288	201120.42868566513
141	0.4076923	0.49140543	1.0	0.0	0.6	0.48989797	1.0	0.0	115.80769	58.5	2114999	13.86603	7.9241037	20.272436	-6.8194895	13.866007	7.9247684	20.340235	-3.8854594	-14.081917	0.7063153	202536.2218439579
142	0.33774835	0.4729423	1.0	0.0	0.4	0.489898	1.0	0.0	98.76821	89.8	2129999	13.789425	7.915594	20.109503	-6.7565985	13.789405	7.91633	20.261925	-3.9608355	-14.013233	0.7280027	204024.19824671745
143	0.394958	0.48884165	1.0	0.0	0.4	0.48989797	1.0	0.0	126.71429	143.2	2144999	13.646374	7.8409805	20.20111	-5.338993	13.64637	7.8415	20.494513	-3.6042247	-13.874567	0.7417279	205455.05844807625
144	0.34586465	0.47564933	1.0	0.0	0.3	0.45825756	1.0	0.0	112.9624	107.5	2159999	13.493506	7.7656374	20.345139	-4.729288	13.493478	7.7658186	20.04906	-3.560916	-13.743336	0.7327832	206904.57145380974
145	0.28318584	0.45054594	1.0	0.0	0.4	0.489898	1.0	0.0	131.54868	130.5	2174999	13.287289	7.804938	20.476818	-8.468736	13.287321	7.805506	19.988827	-2.805264	-13.601041	0.75112003	208301.7050690651
146	0.40495867	0.49088407	1.0	0.0	0.1	0.29999998	1.0	0.0	123.22314	132.2	2189999	13.312015	7.7885194	20.44309	-5.337431	13.312023	7.7898226	19.928217	-2.9682548	-13.652414	0.76672274	209725.94136691093
147	0.41935483	0.4934535	1.0	0.0	0.4	0.48989797	1.0	0.0	122.45968	62.3	2204999	13.578165	7.8272605	20.4135	-5.82348	13.578145	7.8279915	20.025963	-5.7632923	-13.87369	0.7445507	211110.50868153572
148	0.44354838	0.49680305	1.0	0.0	0.6	0.48989794	1.0	0.0	119.42742	46.8	2219999	13.5795965	7.8247004	21.01778	-5.132442	13.579645	7.8251014	19.971897	-5.673251	-13.874122	0.72982144	212489.9989976883
149	0.375	0.48412293	1.0	0.0	0.2	0.4	1.0	0.0	127.15833	111.0	2234999	13.508255	7.7610307	20.34562	-3.0171962	13.508243	7.7619967	19.98174	-3.6632323	-13.811337	0.75299305	213884.26475691795
150	0.28846154	0.45304686	1.0	0.0	0.2	0.4	1.0	0.0	143.71153	169.0	2249999	13.56183	7.804224	20.332335	-3.4282088	13.561845	7.8049393	20.006603	-3.315444	-13.833829	0.7395569	215232.926132679
151	0.37692308	0.4846154	1.0	0.0	0.4	0.48989797	1.0	0.0	113.97692	164.2	2264999	13.6721325	7.862267	20.804941	-4.7097955	13.672161	7.862934	20.278395	-3.2889812	-13.945902	0.75585455	216638.44022250175
152	0.35714287	0.47915745	1.0	0.0	0.5	0.5	1.0	0.0	135.14285	109.0	2279999	13.740102	7.9081006	20.299892	-3.6995592	13.740126	7.9086323	20.0625	-3.0857239	-13.992496	0.72482055	218021.87206673622
153	0.33333334	0.4714045	1.0	0.0	0.3	0.45825756	1.0	0.0	162.0215	141.7	2294999	13.721196	7.905144	20.415714	-4.6833377	13.72122	7.9056826	20.04885	-2.8515167	-13.985592	0.72872454	219353.5425131321
154	0.3875969	0.48720175	1.0	0.0	0.3	0.45825756	1.0	0.0	115.62791	170.7	2309999	13.595239	7.8833194	20.59055	-4.479058	13.595229	7.884794	20.29613	-2.4044952	-13.892971	0.723041	220768.34548902512
155	0.27184466	0.44491032	1.0	0.0	0.3	0.45825756	1.0	0.0	145.91263	138.2	2324999	13.4572115	7.830826	20.142529	-3.2052581	13.457163	7.8321767	20.177391	-5.233923	-13.757766	0.7378586	222123.22968626022
156	0.3030303	0.45956823	1.0	0.0	0.3	0.45825756	1.0	0.0	151.19193	53.5	2339999	13.243221	7.7238355	20.237297	-3.0062177	13.243224	7.725261	19.823147	-3.903337	-13.566939	0.72234464	223443.4572327137
157	0.3602941	0.48008567	1.0	0.0	0.2	0.4	1.0	0.0	110.02206	194.5	2354999	12.729043	7.709864	20.456627	-3.7235203	12.729006	7.7120767	19.881615	-8.287823	-13.0408	0.75923204	224897.35526752472
158	0.37704918	0.4846474	1.0	0.0	0.4	0.48989797	1.0	0.0	123.03278	100.4	2369999	13.210371	7.8302846	20.7601	-3.7911856	13.210418	7.831465	19.779123	-4.9580417	-13.4741125	0.7734684	226304.9238743782
159	0.37857142	0.48503104	1.0	0.0	0.5	0.5	1.0	0.0	106.37143	99.4	2384999	13.590489	7.90416	20.435585	-4.410586	13.590479	7.904835	20.501299	-5.6273947	-13.828202	0.7403103	227766.6563181877
160	0.40764332	0.49139628	1.0	0.0	0.2	0.4	1.0	0.0	96.48408	118.1	2399999	13.56961	7.918858	20.506195	-3.5859652	13.569611	7.91905	20.452145	-3.3897495	-13.805859	0.7476989	229262.61733984947
161	0.34210527	0.47441462	1.0	0.0	0.3	0.45825756	1.0	0.0	98.177635	147.8	2414999	13.478039	7.889529	20.391426	-3.6551263	13.47805	7.8898416	20.403748	-4.0089593	-13.72459	0.7678672	230751.71228051186
162	0.33333334	0.4714045	1.0	0.0	0.2	0.4	1.0	0.0	106.6312	120.3	2429999	13.231754	7.843232	20.377403	-2.8851745	13.231763	7.844065	20.073633	-4.054498	-13.549194	0.8075112	232203.37537884712
163	0.3015873	0.4589471	1.0	0.0	0.2	0.4	1.0	0.0	120.35714	144.2	2444999	13.463226	7.8626814	20.758976	-2.3603668	13.463238	7.863425	19.972965	-2.8167088	-13.758136	0.7924719	233627.56242704391
164	0.30967742	0.4623606	1.0	0.0	0.2	0.4	1.0	0.0	96.548386	90.2	2459999	13.505226	7.845991	20.538763	-3.2435708	13.505227	7.8470063	19.965916	-3.2195373	-13.797598	0.8277374	235096.78932523727
165	0.31325302	0.46381631	1.0	0.0	0.5	0.5	1.0	0.0	89.3253	95.3	2474999	13.498116	7.890162	20.235056	-2.131062	13.498121	7.890834	20.182167	-4.3612356	-13.75623	0.8708435	236593.85530877113
166	0.30882353	0.46200815	1.0	0.0	0.2	0.4	1.0	0.0	111.55147	87.5	2489999	13.370669	7.8060684	20.258625	-1.853338	13.370665	7.8066535	20.173946	-2.2002473	-13.626074	0.8932634	238019.91089749336
167	0.4	0.48989797	1.0	0.0	0.5	0.5	1.0	0.0	96.63871	50.0	2504999	13.3706045	7.8075633	20.260426	-3.3168757	13.370598	7.808251	20.001272	-2.4879422	-13.633771	0.89327955	239467.56022500992
168	0.40449437	0.4907939	1.0	0.0	0.2	0.4	1.0	0.0	84.44944	107.7	2519999	13.52444	7.860159	20.425243	-2.3267446	13.524464	7.8608603	20.021215	-2.2423112	-13.780346	0.9291625	240994.4524447918
169	0.39772728	0.48942852	1.0	0.0	0.2	0.4	1.0	0.0	84.13636	115.3	2534999	13.466017	7.825887	20.217705	-2.7784758	13.466054	7.8266683	20.16376	-3.1399758	-13.714671	0.94453377	242516.82683110237
170	0.36363637	0.48104572	1.0	0.0	0.5	0.5	1.0	0.0	123.72727	111.8	2549999	13.462107	7.8455553	20.623407	-3.987041	13.46211	7.846157	20.17423	-3.3287945	-13.720864	0.95216614	243924.5925002098
171	0.49411765	0.49996543	1.0	0.0	0.4	0.48989797	1.0	0.0	89.53529	56.2	2564999	13.524332	7.872516	21.059137	-2.4639456	13.524339	7.873448	20.08088	-3.3868396	-13.781269	0.9506444	245427.31516599655
172	0.44919786	0.4974124	1.0	0.0	0.6	0.48989797	1.0	0.0	80.213905	80.4	2579999	13.487939	7.8158193	20.925774	-1.8169914	13.487921	7.81631	20.065056	-4.797203	-13.741176	0.99661106	246942.14861607552
173	0.43575418	0.49585533	1.0	0.0	0.2	0.4	1.0	0.0	83.93296	131.4	2594999	13.419245	7.82683	20.739344	-2.1922581	13.419285	7.827438	20.20773	-2.1468282	-13.686294	1.0072281	248493.08875322342
174	0.4568528	0.49813485	1.0	0.0	0.7	0.45825756	1.0	0.0	75.94924	62.3	2609999	13.204142	7.7679296	20.237278	-2.5228956	13.204117	7.7690077	20.495811	-2.6678352	-13.497992	1.036186	250063.48904252052
175	0.33333334	0.47140452	1.0	0.0	0.4	0.48989797	1.0	0.0	89.878784	76.8	2624999	13.14729	7.7657003	20.833118	-3.7707992	13.147292	7.766726	20.074484	-2.8882725	-13.466097	1.0474014	251574.6687989235
176	0.40350878	0.49060112	1.0	0.0	0.4	0.48989797	1.0	0.0	88.89474	190.1	2639999	13.121899	7.8405066	20.168398	-3.8855824	13.121866	7.840881	20.26726	-2.8129454	-13.457456	1.0778599	253109.91603279114
177	0.4177215	0.49318382	1.0	0.0	0.4	0.489898	1.0	0.0	94.44936	136.3	2654999	13.089647	7.7764993	20.17516	-2.5521977	13.089665	7.7774663	20.101522	-3.0150232	-13.358654	1.0955182	254620.7810792923
178	0.46625766	0.49886015	1.0	0.0	0.5	0.5	1.0	0.0	92.337425	51.3	2669999	13.063619	7.7454085	20.316444	-2.9646025	13.063628	7.746187	20.177067	-4.724839	-13.356275	1.0684968	256102.03591370583
179	0.5031056	0.49999037	1.0	0.0	0.4	0.48989797	1.0	0.0	91.95031	81.2	2684999	13.146526	7.780634	20.290028	-2.7245786	13.146582	7.7809024	20.126085	-3.2157037	-13.446169	1.0750316	257595.0637407303
180	0.378882	0.48510867	1.0	0.0	0.6	0.48989797	1.0	0.0	93.23602	58.2	2699999	13.182006	7.8072433	20.600546	-2.713715	13.181967	7.80785	20.002563	-6.3863387	-13.463942	1.1125405	259077.65335440636
181	0.49773756	0.49999487	1.0	0.0	0.4	0.489898	1.0	0.0	68.80543	53.5	2714999	13.2167	7.8116097	20.194454	-2.422628	13.216711	7.8124676	20.147055	-3.4100132	-13.495427	1.1351303	260566.46279644966
182	0.41326532	0.49241963	1.0	0.0	0.5	0.5	1.0	0.0	76.30612	41.1	2729999	13.321281	7.804135	20.474352	-2.408186	13.321286	7.803633	20.096994	-4.8482943	-13.608383	1.1602471	261975.72959661484
183	0.50660795	0.4999563	1.0	0.0	0.1	0.29999998	1.0	0.0	65.03965	79.8	2744999	13.203916	7.7863503	20.392515	-2.3182192	13.203928	7.7863016	19.97086	-3.1909695	-13.502326	1.1839917	263474.29467511177
184	0.44382024	0.4968338	1.0	0.0	0.2	0.4	1.0	0.0	84.685394	134.8	2759999	13.298321	7.776179	20.379644	-2.4635596	13.298355	7.775703	20.474531	-3.2809033	-13.605725	1.2022809	264899.8501331806
185	0.45549738	0.49801558	1.0	0.0	0.4	0.48989797	1.0	0.0	79.35602	76.4	2774999	13.359349	7.7490954	20.770323	-2.2314577	13.359323	7.749489	20.767282	-5.740921	-13.650757	1.2281693	266299.2428095341
186	0.45930234	0.49834096	1.0	0.0	0.4	0.489898	1.0	0.0	87.01163	96.8	2789999	13.336972	7.7632327	20.838152	-3.4363797	13.336988	7.763684	20.278103	-4.998103	-13.637502	1.229398	267714.59675097466
187	0.41875	0.49335426	1.0	0.0	0.4	0.48989797	1.0	0.0	94.23125	64.7	2804999	13.326051	7.7511516	20.853495	-3.007523	13.3260765	7.7516065	20.396784	-6.21297	-13.617426	1.2689565	269066.6467604637
188	0.48366013	0.49973294	1.0	0.0	0.5	0.5	1.0	0.0	97.91503	91.8	2819999	13.1399	7.7225833	20.47266	-3.1676254	13.139881	7.721887	20.652046	-4.8846726	-13.455046	1.3003144	270401.5405640602
189	0.42580646	0.49446467	1.0	0.0	0.0	0.0	0.0	0.0	96.54194	139.0	2834999	13.267427	7.7643905	20.686653	-2.671451	13.267452	7.76366	20.39907	-4.885392	-13.5625	1.2423596	271745.30085372925
190	0.41333333	0.4924316	1.0	0.0	0.4	0.48989797	1.0	0.0	100.04667	61.4	2849999	13.060032	7.7254295	20.846413	-6.1752963	13.060035	7.726385	19.914185	-3.4061768	-13.374801	1.2326549	273037.7238986492
191	0.3962264	0.4891125	1.0	0.0	0.3	0.45825756	1.0	0.0	94.74214	83.8	2864999	13.207434	7.7559185	21.102182	-2.8105865	13.2074	7.756049	20.020298	-2.858591	-13.506713	1.196316	274360.1227424145
192	0.4054054	0.49097034	1.0	0.0	0.5	0.5	1.0	0.0	101.38513	50.0	2879999	13.277551	7.7485085	20.983664	-3.020512	13.277601	7.7488346	19.802498	-3.8238337	-13.570594	1.1963463	275635.2836613655
193	0.40123457	0.49014834	1.0	0.0	0.4	0.48989797	1.0	0.0	92.59259	156.2	2894999	13.108763	7.674206	20.98352	-4.477326	13.108349	7.6731853	20.140432	-4.503782	-13.42026	1.1997948	276971.99937462807
194	0.34640524	0.47582415	1.0	0.0	0.7	0.45825756	1.0	0.0	97.76471	43.9	2909999	12.974021	7.6987476	20.799538	-2.2556772	12.974246	7.6974688	20.566929	-2.6448355	-13.323157	1.1470456	278231.423432827
195	0.32515338	0.46843213	1.0	0.0	0.9	0.29999998	1.0	0.0	91.91411	17.8	2924999	13.170218	7.796701	20.782644	-3.0481327	13.170286	7.797007	20.423079	-2.538298	-13.521996	1.107418	279516.38604593277
196	0.3038674	0.45992607	1.0	0.0	0.5	0.5	1.0	0.0	83.14917	121.3	2939999	13.408856	7.8375864	20.672672	-2.5955043	13.408914	7.83725	20.478401	-4.80494	-13.74909	1.1003209	280860.5389420986
197	0.38709676	0.4870861	1.0	0.0	0.3	0.45825756	1.0	0.0	80.69355	71.9	2954999	13.5346	7.873987	20.619287	-3.8423061	13.53459	7.8734875	20.553976	-4.2609143	-13.834121	1.0815748	282217.4552125931
198	0.41621622	0.49293026	1.0	0.0	0.5	0.5	1.0	0.0	80.945946	85.2	2969999	13.459865	7.8943396	20.965797	-4.1976337	13.459914	7.894122	20.937096	-5.44368	-13.719843	1.1017667	283583.7824001312
199	0.4121212	0.49221677	1.0	0.0	0.4	0.48989797	1.0	0.0	90.57576	121.7	2984999	13.51853	7.889701	20.547758	-3.033314	13.518482	7.8896823	20.849003	-6.1040773	-13.764538	1.0272933	284924.37126231194
200	0.33333334	0.4714045	1.0	0.0	0.5	0.5	1.0	0.0	93.62893	90.1	2999999	13.581726	7.8685436	20.445457	-2.9199047	13.58174	7.868947	20.93101	-5.10578	-13.824025	1.0177451	286263.41548490524
